nan,nan,nan,21.8,nan,nan,1001.1,nan,2017-06-26 21:22:10.605500,1.892,465.268,1.011,14307.08,0.0,,5,2017-06-26 17:22:08.901066;
nan,nan,nan,21.8,nan,nan,1001.14,nan,2017-06-26 21:22:15.582000,1.894,464.49,0.983,14267.134,0.0,,5,2017-06-26 17:22:13.901978;
nan,nan,nan,21.8,nan,nan,1001.14,nan,2017-06-26 21:22:20.559000,1.894,465.139,1.115,14282.52,0.0,,5,2017-06-26 17:22:18.900778;
nan,nan,nan,21.8,nan,nan,1001.16,nan,2017-06-26 21:22:25.536000,1.893,465.779,1.031,14249.762,0.0,,5,2017-06-26 17:22:23.913450;
nan,nan,nan,21.8,nan,nan,1001.12,nan,2017-06-26 21:22:30.512500,1.895,465.73,1.059,14316.246,0.0,,5,2017-06-26 17:22:28.894112;
nan,nan,nan,21.8,nan,nan,1001.14,nan,2017-06-26 21:22:35.489500,1.894,466.393,1.062,14281.15,0.0,,5,2017-06-26 17:22:33.896733;
nan,nan,nan,21.9,nan,nan,1001.04,nan,2017-06-26 21:23:18.289000,1.894,463.357,1.191,14257.354,0.0,,5,2017-06-26 17:23:16.689207;
nan,nan,nan,21.9,nan,nan,1001.04,nan,2017-06-26 21:23:23.266000,1.894,466.455,1.172,14249.828,0.0,,5,2017-06-26 17:23:21.686854;
nan,nan,nan,21.9,nan,nan,1001.1,nan,2017-06-26 21:23:28.243000,1.894,468.414,1.206,14263.486,0.0,,5,2017-06-26 17:23:26.674019;
nan,nan,nan,22.7,nan,nan,1000.817,nan,2017-06-26 21:28:07.934500,1.895,455.063,1.778,14195.522,0.0,,5,2017-06-26 17:28:05.935198;
nan,nan,nan,22.7,nan,nan,1000.82,nan,2017-06-26 21:28:12.911500,1.895,454.689,1.627,14153.922,0.0,,5,2017-06-26 17:28:10.931074;
nan,nan,nan,22.7,nan,nan,1000.8,nan,2017-06-26 21:28:17.886000,1.895,454.18,1.567,14190.708,0.0,,5,2017-06-26 17:28:15.940045;
nan,nan,nan,22.7,nan,nan,1000.8,nan,2017-06-26 21:28:22.862500,1.895,454.08,1.631,14153.326,0.0,,5,2017-06-26 17:28:20.939667;
nan,nan,nan,22.78,nan,nan,1000.8,nan,2017-06-26 21:28:27.839500,1.895,454.513,1.727,14182.168,0.0,,5,2017-06-26 17:28:25.949609;
nan,nan,nan,22.8,nan,nan,1000.8,nan,2017-06-26 21:28:32.816000,1.896,454.555,1.555,14144.972,0.0,,5,2017-06-26 17:28:30.937933;
nan,nan,nan,22.8,nan,nan,1000.8,nan,2017-06-26 21:28:37.793000,1.896,454.882,1.627,14180.148,0.0,,5,2017-06-26 17:28:35.935327;
nan,nan,nan,22.8,nan,nan,1000.84,nan,2017-06-26 21:28:42.769500,1.896,453.692,1.598,14171.57,0.0,,5,2017-06-26 17:28:40.943433;
nan,nan,nan,22.8,nan,nan,1000.82,nan,2017-06-26 21:28:47.747500,1.896,452.549,1.701,14165.284,0.0,,5,2017-06-26 17:28:45.945169;
nan,nan,nan,22.8,nan,nan,1000.84,nan,2017-06-26 21:28:52.727000,1.896,452.537,1.654,14153.466,0.0,,5,2017-06-26 17:28:50.932656;
nan,nan,nan,22.8,nan,nan,1000.82,nan,2017-06-26 21:28:57.715000,1.894,452.868,1.698,14156.128,0.0,,5,2017-06-26 17:28:55.942527;
nan,nan,nan,22.8,nan,nan,1000.82,nan,2017-06-26 21:29:02.698500,1.895,452.705,1.708,14176.868,0.0,,5,2017-06-26 17:29:00.951044;
nan,nan,nan,22.8,nan,nan,1000.84,nan,2017-06-26 21:29:07.675000,1.896,451.609,1.731,14158.914,0.0,,5,2017-06-26 17:29:05.942474;
nan,nan,nan,22.8,nan,nan,1000.84,nan,2017-06-26 21:29:12.651500,1.895,451.158,1.752,14189.35,0.0,,5,2017-06-26 17:29:10.946418;
nan,nan,nan,22.8,nan,nan,1000.82,nan,2017-06-26 21:29:17.631500,1.896,451.184,1.837,14175.26,0.0,,5,2017-06-26 17:29:15.939702;
nan,nan,nan,22.8,nan,nan,1000.88,nan,2017-06-26 21:29:22.623500,1.895,450.772,1.793,14135.322,0.0,,5,2017-06-26 17:29:20.943260;
nan,nan,nan,22.8,nan,nan,1000.76,nan,2017-06-26 21:29:27.605000,1.896,450.388,1.76,14142.2,0.0,,5,2017-06-26 17:29:25.945862;
nan,nan,nan,22.9,nan,nan,1000.84,nan,2017-06-26 21:29:32.586500,1.895,450.462,1.82,14137.162,0.0,,5,2017-06-26 17:29:30.950570;
nan,nan,nan,22.9,nan,nan,1000.84,nan,2017-06-26 21:29:37.572500,1.895,450.785,1.834,14156.238,0.0,,5,2017-06-26 17:29:35.962353;
nan,nan,nan,22.9,nan,nan,1000.8,nan,2017-06-26 21:29:55.534000,1.895,450.946,1.812,14161.684,0.0,,5,2017-06-26 17:29:53.718231;
nan,nan,nan,22.9,nan,nan,1000.76,nan,2017-06-26 21:30:00.517000,1.895,450.652,1.8,14138.086,0.0,,5,2017-06-26 17:29:58.725757;
nan,nan,nan,22.9,nan,nan,1000.78,nan,2017-06-26 21:30:05.496500,1.896,451.256,1.94,14172.402,0.0,,5,2017-06-26 17:30:03.724381;
nan,nan,nan,22.9,nan,nan,1000.84,nan,2017-06-26 21:30:10.473000,1.895,450.67,1.86,14151.058,0.0,,5,2017-06-26 17:30:08.736368;
nan,nan,nan,22.9,nan,nan,1000.82,nan,2017-06-26 21:30:15.450000,1.895,450.564,1.851,14180.41,0.0,,5,2017-06-26 17:30:13.719563;
nan,nan,nan,22.9,nan,nan,1000.8,nan,2017-06-26 21:30:20.430500,1.896,450.643,1.722,14190.052,0.0,,5,2017-06-26 17:30:18.723915;
nan,nan,nan,22.9,nan,nan,1000.72,nan,2017-06-26 21:30:25.410000,1.894,450.336,1.91,14166.34,0.0,,5,2017-06-26 17:30:23.729366;
nan,nan,nan,22.98,nan,nan,1000.76,nan,2017-06-26 21:30:30.385500,1.897,450.169,1.762,14190.396,0.0,,5,2017-06-26 17:30:28.738855;
nan,nan,nan,23.0,nan,nan,1000.72,nan,2017-06-26 21:30:35.366500,1.895,449.955,1.832,14181.18,0.0,,5,2017-06-26 17:30:33.742898;
nan,nan,nan,23.0,nan,nan,1000.72,nan,2017-06-26 21:30:40.345500,1.895,450.081,1.884,14169.086,0.0,,5,2017-06-26 17:30:38.733999;
nan,nan,nan,23.0,nan,nan,1000.74,nan,2017-06-26 21:30:45.330500,1.896,449.79,1.739,14162.932,0.0,,5,2017-06-26 17:30:43.724537;
nan,nan,nan,23.0,nan,nan,1000.76,nan,2017-06-26 21:30:50.320000,1.895,449.249,1.921,14171.464,0.0,,5,2017-06-26 17:30:48.735202;
nan,nan,nan,23.0,nan,nan,1000.72,nan,2017-06-26 21:30:55.303000,1.897,449.069,1.898,14185.528,0.0,,5,2017-06-26 17:30:53.716546;
nan,nan,nan,23.1,nan,nan,1000.783,nan,2017-06-26 21:31:12.240000,1.894,448.184,1.904,14183.352,0.0,,5,2017-06-26 17:31:10.968117;
nan,nan,nan,23.1,nan,nan,1000.725,nan,2017-06-26 21:31:17.217000,1.895,448.08,1.891,14175.256,0.0,,5,2017-06-26 17:31:14.963356;
nan,nan,nan,23.1,nan,nan,1000.74,nan,2017-06-26 21:31:22.194000,1.895,447.616,1.873,14172.524,0.0,,5,2017-06-26 17:31:19.962910;
nan,nan,nan,23.1,nan,nan,1000.72,nan,2017-06-26 21:31:27.170000,1.894,447.226,1.831,14149.368,0.0,,5,2017-06-26 17:31:24.948773;
nan,nan,nan,23.1,nan,nan,1000.7,nan,2017-06-26 21:31:32.153500,1.895,447.661,1.887,14171.574,0.0,,5,2017-06-26 17:31:29.949594;
nan,nan,nan,23.1,nan,nan,1000.78,nan,2017-06-26 21:31:37.139500,1.894,448.05,1.823,14161.584,0.0,,5,2017-06-26 17:31:34.957897;
nan,nan,nan,23.1,nan,nan,1000.72,nan,2017-06-26 21:31:42.118500,1.894,448.4,1.852,14162.336,0.0,,5,2017-06-26 17:31:39.964908;
nan,nan,nan,23.1,nan,nan,1000.72,nan,2017-06-26 21:31:47.095500,1.895,448.228,1.899,14181.562,0.0,,5,2017-06-26 17:31:44.966720;
nan,nan,nan,23.18,nan,nan,1000.76,nan,2017-06-26 21:31:52.072000,1.895,447.406,1.771,14161.906,0.0,,5,2017-06-26 17:31:49.957047;
nan,nan,nan,23.2,nan,nan,1000.76,nan,2017-06-26 21:31:57.049000,1.895,447.342,1.801,14164.068,0.0,,5,2017-06-26 17:31:54.959749;
nan,nan,nan,23.2,nan,nan,1000.72,nan,2017-06-26 21:32:02.025000,1.895,446.78,1.831,14157.082,0.0,,5,2017-06-26 17:31:59.961425;
nan,nan,nan,23.2,nan,nan,1000.74,nan,2017-06-26 21:32:07.000500,1.895,446.132,1.828,14181.322,0.0,,5,2017-06-26 17:32:04.976952;
nan,nan,nan,23.2,nan,nan,1000.74,nan,2017-06-26 21:32:11.976500,1.895,446.292,1.923,14143.624,0.0,,5,2017-06-26 17:32:09.963478;
nan,nan,nan,23.2,nan,nan,1000.76,nan,2017-06-26 21:32:16.953500,1.894,446.663,1.793,14138.462,0.0,,5,2017-06-26 17:32:14.963320;
nan,nan,nan,23.22,nan,nan,1000.8,nan,2017-06-26 21:32:21.930000,1.894,446.834,1.865,14180.198,0.0,,5,2017-06-26 17:32:19.970976;
nan,nan,nan,23.3,nan,nan,1000.76,nan,2017-06-26 21:32:26.906500,1.894,446.497,1.898,14158.486,0.0,,5,2017-06-26 17:32:24.964368;
nan,nan,nan,23.38,nan,nan,1000.72,nan,2017-06-26 21:33:22.732500,1.894,444.23,1.944,14141.906,0.0,,5,2017-06-26 17:33:20.846824;
nan,nan,nan,23.4,nan,nan,1000.7,nan,2017-06-26 21:33:27.711500,1.894,444.184,2.02,14153.74,0.0,,5,2017-06-26 17:33:25.848858;
nan,nan,nan,23.4,nan,nan,1000.72,nan,2017-06-26 21:33:32.697500,1.894,444.466,1.925,14126.458,0.0,,5,2017-06-26 17:33:30.853759;
nan,nan,nan,23.5,nan,nan,1000.75,nan,2017-06-26 21:34:18.561000,1.893,445.215,1.948,14160.554,0.0,,5,2017-06-26 17:34:16.966862;
nan,nan,nan,23.5,nan,nan,1000.76,nan,2017-06-26 21:34:23.545500,1.893,444.934,1.901,14142.204,0.0,,5,2017-06-26 17:34:21.970414;
nan,nan,nan,23.5,nan,nan,1000.76,nan,2017-06-26 21:34:28.525500,1.894,444.959,1.916,14127.796,0.0,,5,2017-06-26 17:34:26.978946;
nan,nan,nan,23.7,nan,nan,1000.743,nan,2017-06-26 21:35:53.254000,1.893,448.664,1.884,14112.984,0.0,,5,2017-06-26 17:35:51.979007;
nan,nan,nan,23.7,nan,nan,1000.675,nan,2017-06-26 21:35:58.243000,1.893,448.358,1.987,14124.06,0.0,,5,2017-06-26 17:35:55.987278;
nan,nan,nan,23.7,nan,nan,1000.68,nan,2017-06-26 21:36:03.224500,1.894,448.742,2.029,14117.092,0.0,,5,2017-06-26 17:36:00.985704;
nan,nan,nan,23.7,nan,nan,1000.72,nan,2017-06-26 21:36:08.208500,1.893,449.234,1.841,14098.25,0.0,,5,2017-06-26 17:36:05.985084;
nan,nan,nan,23.7,nan,nan,1000.7,nan,2017-06-26 21:36:13.194500,1.894,449.609,1.923,14136.698,0.0,,5,2017-06-26 17:36:10.985076;
nan,nan,nan,23.7,nan,nan,1000.72,nan,2017-06-26 21:36:18.174500,1.893,450.105,1.966,14118.412,0.0,,5,2017-06-26 17:36:15.984077;
nan,nan,nan,23.7,nan,nan,1000.68,nan,2017-06-26 21:36:23.163000,1.894,450.906,1.968,14143.938,0.0,,5,2017-06-26 17:36:20.989534;
nan,nan,nan,23.7,nan,nan,1000.64,nan,2017-06-26 21:36:28.149000,1.892,451.132,1.911,14106.946,0.0,,5,2017-06-26 17:36:25.987822;
nan,nan,nan,23.7,nan,nan,1000.74,nan,2017-06-26 21:36:33.136000,1.893,451.483,2.019,14113.56,0.0,,5,2017-06-26 17:36:30.981069;
nan,nan,nan,23.7,nan,nan,1000.7,nan,2017-06-26 21:36:38.127500,1.892,451.343,1.909,14158.356,0.0,,5,2017-06-26 17:36:35.996265;
nan,nan,nan,23.7,nan,nan,1000.68,nan,2017-06-26 21:36:43.120000,1.892,451.397,1.942,14087.492,0.0,,5,2017-06-26 17:36:41.000022;
nan,nan,nan,23.7,nan,nan,1000.68,nan,2017-06-26 21:36:48.109000,1.892,451.025,1.953,14120.842,0.0,,5,2017-06-26 17:36:45.985596;
nan,nan,nan,23.7,nan,nan,1000.72,nan,2017-06-26 21:36:53.107000,1.893,452.183,1.982,14119.562,0.0,,5,2017-06-26 17:36:50.984918;
nan,nan,nan,23.7,nan,nan,1000.66,nan,2017-06-26 21:36:58.096000,1.893,452.116,2.033,14107.792,0.0,,5,2017-06-26 17:36:55.989974;
nan,nan,nan,23.7,nan,nan,1000.66,nan,2017-06-26 21:37:03.074500,1.894,450.316,1.902,14140.184,0.0,,5,2017-06-26 17:37:00.994944;
nan,nan,nan,23.74,nan,nan,1000.68,nan,2017-06-26 21:37:08.054000,1.893,450.878,1.985,14145.52,0.0,,5,2017-06-26 17:37:05.998882;
nan,nan,nan,23.867,nan,nan,1000.567,nan,2017-06-26 21:38:02.862000,1.892,453.146,2.005,14149.85,0.0,,5,2017-06-26 17:38:00.989424;
nan,nan,nan,23.9,nan,nan,1000.622,nan,2017-06-26 21:38:07.838000,1.893,453.212,1.943,14157.136,0.0,,5,2017-06-26 17:38:09.991900;
nan,nan,nan,23.9,nan,nan,1000.6,nan,2017-06-26 21:38:12.814000,1.893,453.165,2.014,14098.43,0.0,,5,2017-06-26 17:38:10.995877;
nan,nan,nan,23.9,nan,nan,1000.6,nan,2017-06-26 21:38:17.791500,1.893,453.334,1.951,14121.712,0.0,,5,2017-06-26 17:38:16.000933;
nan,nan,nan,23.9,nan,nan,1000.65,nan,2017-06-26 21:38:34.711500,1.892,452.992,1.948,14114.884,0.0,,5,2017-06-26 17:38:33.009568;
nan,nan,nan,23.9,nan,nan,1000.66,nan,2017-06-26 21:38:39.688500,1.892,452.002,1.907,14112.888,0.0,,5,2017-06-26 17:38:38.006068;
nan,nan,nan,23.9,nan,nan,1000.6,nan,2017-06-26 21:38:44.665500,1.893,450.889,1.962,14112.008,0.0,,5,2017-06-26 17:38:43.006008;
nan,nan,nan,23.9,nan,nan,1000.62,nan,2017-06-26 21:38:49.642500,1.892,454.111,1.916,14107.804,0.0,,5,2017-06-26 17:38:48.012802;
nan,nan,nan,23.9,nan,nan,1000.62,nan,2017-06-26 21:38:54.618500,1.892,455.775,1.893,14117.034,0.0,,5,2017-06-26 17:38:52.995730;
nan,nan,nan,23.94,nan,nan,1000.62,nan,2017-06-26 21:38:59.596000,1.891,456.125,1.893,14138.874,0.0,,5,2017-06-26 17:38:58.001638;
nan,nan,nan,24.0,nan,nan,1000.62,nan,2017-06-26 21:39:04.573000,1.892,454.757,1.857,14149.226,0.0,,5,2017-06-26 17:39:03.006405;
nan,nan,nan,24.0,nan,nan,1000.58,nan,2017-06-26 21:39:09.549500,1.892,453.739,1.906,14144.55,0.0,,5,2017-06-26 17:39:08.012073;
nan,nan,nan,24.0,nan,nan,1000.62,nan,2017-06-26 21:39:14.526500,1.893,455.102,1.985,14114.462,0.0,,5,2017-06-26 17:39:13.015456;
nan,nan,nan,24.0,nan,nan,1000.64,nan,2017-06-26 21:39:19.503000,1.892,456.254,1.942,14125.098,0.0,,5,2017-06-26 17:39:17.999107;
nan,nan,nan,24.0,nan,nan,1000.6,nan,2017-06-26 21:39:24.479000,1.891,455.717,1.914,14141.494,0.0,,5,2017-06-26 17:39:23.001827;
nan,nan,nan,24.0,nan,nan,1000.62,nan,2017-06-26 21:39:29.455500,1.892,454.897,1.957,14122.414,0.0,,5,2017-06-26 17:39:28.011039;
nan,nan,nan,24.0,nan,nan,1000.58,nan,2017-06-26 21:39:34.432000,1.892,455.315,1.936,14161.096,0.0,,5,2017-06-26 17:39:33.016728;
nan,nan,nan,24.0,nan,nan,1000.62,nan,2017-06-26 21:39:39.409000,1.891,456.046,1.824,14085.386,0.0,,5,2017-06-26 17:39:37.996544;
nan,nan,nan,24.0,nan,nan,1000.58,nan,2017-06-26 21:39:44.385500,1.892,456.398,1.905,14164.3,0.0,,5,2017-06-26 17:39:43.012188;
nan,nan,nan,24.0,nan,nan,1000.58,nan,2017-06-26 21:39:49.362500,1.892,457.253,1.893,14119.812,0.0,,5,2017-06-26 17:39:48.009434;
nan,nan,nan,24.04,nan,nan,1000.58,nan,2017-06-26 21:39:54.339000,1.891,457.669,2.069,14128.524,0.0,,5,2017-06-26 17:39:53.011151;
nan,nan,nan,24.1,nan,nan,1000.62,nan,2017-06-26 21:39:59.318500,1.893,456.069,1.925,14103.452,0.0,,5,2017-06-26 17:39:58.013134;
nan,nan,nan,24.1,nan,nan,1000.54,nan,2017-06-26 21:40:04.294500,1.891,452.947,2.077,14121.032,0.0,,5,2017-06-26 17:40:03.007934;
nan,nan,nan,24.1,nan,nan,1000.54,nan,2017-06-26 21:40:09.274500,1.89,451.904,1.971,14104.83,0.0,,5,2017-06-26 17:40:08.005347;
nan,nan,nan,24.1,nan,nan,1000.575,nan,2017-06-26 21:40:14.257500,1.892,451.804,1.927,14093.83,0.0,,5,2017-06-26 17:40:12.009127;
nan,nan,nan,24.1,nan,nan,1000.58,nan,2017-06-26 21:40:19.238000,1.891,452.48,1.972,14120.814,0.0,,5,2017-06-26 17:40:17.002710;
nan,nan,nan,24.6,nan,nan,1000.4,nan,2017-06-26 21:46:04.779500,1.894,459.354,1.813,,5,2017-06-26 17:46:03.038880;
nan,nan,nan,24.6,nan,nan,1000.4,nan,2017-06-26 21:46:09.757000,1.894,462.475,1.715,,5,2017-06-26 17:46:08.038113;
nan,nan,nan,24.6,nan,nan,1000.42,nan,2017-06-26 21:46:14.734000,1.893,464.663,1.879,,5,2017-06-26 17:46:13.053332;
nan,nan,nan,nan,25.0,nan,nan,1000.367,nan,2017-06-26 21:53:35.967500,1.898,463.52,1.769,14221.118,5,2017-06-26 17:53:34.093073;
nan,nan,nan,nan,25.0,nan,nan,1000.357,nan,2017-06-26 21:53:40.955000,1.898,465.381,1.748,14229.978,5,2017-06-26 17:54:57.175483;
nan,nan,nan,nan,25.0,nan,nan,1000.35,nan,2017-06-26 21:53:45.941000,1.9,468.494,1.856,14218.856,5,2017-06-26 17:54:57.800528;
nan,nan,nan,nan,25.0,nan,nan,1000.367,nan,2017-06-26 21:53:45.941000,1.9,468.494,1.856,14218.856,5,2017-06-26 17:55:00.880790;
nan,nan,nan,nan,25.0,nan,nan,1000.3,nan,2017-06-26 21:55:20.540000,1.901,462.529,1.763,14186.922,5,2017-06-26 17:55:19.111505;
nan,nan,nan,nan,25.02,nan,nan,1000.28,nan,2017-06-26 21:55:25.515500,1.9,460.071,1.725,14231.308,5,2017-06-26 17:55:24.103990;
nan,nan,nan,nan,25.1,nan,nan,1000.32,nan,2017-06-26 21:55:30.493500,1.9,460.176,1.777,14203.84,5,2017-06-26 17:55:29.101938;
nan,nan,nan,nan,25.1,nan,nan,1000.3,nan,2017-06-26 21:55:35.470000,1.901,460.736,1.747,14227.86,5,2017-06-26 17:55:34.107864;
nan,nan,nan,nan,25.1,nan,nan,1000.26,nan,2017-06-26 21:55:40.447000,1.9,460.255,1.824,14207.764,5,2017-06-26 17:55:39.098541;
nan,nan,nan,nan,25.1,nan,nan,1000.3,nan,2017-06-26 21:55:45.423000,1.9,457.445,1.814,14222.41,5,2017-06-26 17:55:44.101364;
nan,nan,nan,nan,25.1,nan,nan,1000.3,nan,2017-06-26 21:55:50.398500,1.901,456.592,1.706,14196.396,5,2017-06-26 17:55:49.111270;
nan,nan,nan,nan,25.1,nan,nan,1000.24,nan,2017-06-26 21:55:55.375500,1.9,458.02,1.716,14181.384,5,2017-06-26 17:55:54.108520;
nan,nan,nan,nan,25.1,nan,nan,1000.24,nan,2017-06-26 21:56:00.353000,1.899,460.418,1.842,14176.042,5,2017-06-26 17:55:59.127338;
nan,nan,nan,nan,25.1,nan,nan,1000.3,nan,2017-06-26 21:56:05.330000,1.9,462.304,1.821,14177.748,5,2017-06-26 17:56:03.106940;
nan,nan,nan,nan,25.1,nan,nan,1000.28,nan,2017-06-26 21:56:10.305500,1.9,463.402,1.693,14210.154,5,2017-06-26 17:56:08.109526;
nan,nan,nan,nan,25.1,nan,nan,1000.32,nan,2017-06-26 21:56:15.283000,1.899,463.592,1.729,14241.848,5,2017-06-26 17:56:13.105907;
nan,nan,nan,nan,25.1,nan,nan,1000.3,nan,2017-06-26 21:56:20.260000,1.899,464.018,1.854,14202.074,5,2017-06-26 17:56:18.110299;
nan,nan,nan,nan,25.1,nan,nan,1000.28,nan,2017-06-26 21:56:25.236000,1.901,462.718,1.802,14208.508,5,2017-06-26 17:56:23.114409;
nan,nan,nan,nan,25.1,nan,nan,1000.28,nan,2017-06-26 21:56:30.213000,1.9,460.901,1.813,14191.632,5,2017-06-26 17:56:28.115515;
nan,nan,nan,nan,25.1,nan,nan,1000.22,nan,2017-06-26 21:56:35.190000,1.9,458.579,1.748,14223.406,5,2017-06-26 17:56:33.113803;
nan,nan,nan,nan,25.1,nan,nan,1000.22,nan,2017-06-26 21:56:40.166000,1.9,457.864,1.697,14189.92,5,2017-06-26 17:56:38.107205;
nan,nan,nan,nan,25.1,nan,nan,1000.22,nan,2017-06-26 21:56:45.142500,1.902,458.391,1.903,14219.162,5,2017-06-26 17:56:43.103628;
nan,nan,nan,nan,25.1,nan,nan,1000.32,nan,2017-06-26 21:56:50.119500,1.901,458.885,1.732,14186.096,5,2017-06-26 17:56:48.106860;
nan,nan,nan,nan,25.1,nan,nan,1000.28,nan,2017-06-26 21:56:55.106000,1.901,460.383,1.84,14188.904,5,2017-06-26 17:56:53.121340;
nan,nan,nan,nan,25.1,nan,nan,1000.2,nan,2017-06-26 21:57:00.104000,1.902,461.064,1.77,14225.798,5,2017-06-26 17:56:58.121074;
nan,nan,nan,nan,25.1,nan,nan,1000.22,nan,2017-06-26 21:57:05.102500,1.901,460.52,1.869,14212.77,5,2017-06-26 17:57:03.103490;
nan,nan,nan,nan,25.1,nan,nan,1000.24,nan,2017-06-26 21:57:10.090000,1.902,459.274,1.744,14212.754,5,2017-06-26 17:57:08.121899;
nan,nan,nan,nan,25.1,nan,nan,1000.24,nan,2017-06-26 21:57:15.068000,1.901,458.477,1.87,14201.838,5,2017-06-26 17:57:13.119251;
nan,nan,nan,nan,25.1,nan,nan,1000.217,nan,2017-06-26 21:57:30.992000,1.901,457.65,1.732,14205.064,5,2017-06-26 17:57:29.116936;
nan,nan,nan,nan,25.1,nan,nan,1000.22,nan,2017-06-26 21:57:35.970000,1.901,460.51,1.835,14183.016,5,2017-06-26 17:57:34.120223;
nan,nan,nan,nan,25.1,nan,nan,1000.22,nan,2017-06-26 21:57:40.947000,1.901,462.009,1.848,14230.384,5,2017-06-26 17:57:39.113442;
nan,nan,nan,nan,25.1,nan,nan,1000.3,nan,2017-06-26 21:57:45.939500,1.901,462.729,1.748,14225.76,5,2017-06-26 17:57:44.112520;
nan,nan,nan,nan,25.16,nan,nan,1000.26,nan,2017-06-26 21:57:50.925000,1.902,462.696,1.864,14245.646,5,2017-06-26 17:57:49.125150;
nan,nan,nan,nan,25.2,nan,nan,1000.24,nan,2017-06-26 21:57:55.923500,1.902,462.132,1.762,14222.298,5,2017-06-26 17:57:54.104709;
nan,nan,nan,nan,25.2,nan,nan,1000.2,nan,2017-06-26 21:58:00.912000,1.902,460.75,1.754,14227.81,5,2017-06-26 17:57:59.115282;
nan,nan,nan,nan,25.2,nan,nan,1000.22,nan,2017-06-26 21:58:05.891500,1.902,457.833,1.893,14234.896,5,2017-06-26 17:58:04.112564;
nan,nan,nan,nan,25.2,nan,nan,1000.18,nan,2017-06-26 21:58:10.867500,1.901,456.408,1.847,14239.47,5,2017-06-26 17:58:09.128087;
nan,nan,nan,nan,25.2,nan,nan,1000.24,nan,2017-06-26 21:58:15.845000,1.903,456.318,1.834,14227.362,5,2017-06-26 17:58:14.130546;
nan,nan,nan,nan,25.2,nan,nan,1000.22,nan,2017-06-26 21:58:20.824500,1.903,456.841,1.754,14200.414,5,2017-06-26 17:58:19.123025;
nan,nan,nan,nan,25.2,nan,nan,1000.24,nan,2017-06-26 21:58:25.810500,1.902,456.356,1.822,14250.576,5,2017-06-26 17:58:24.112096;
nan,nan,nan,nan,25.2,nan,nan,1000.22,nan,2017-06-26 21:58:30.787000,1.902,455.52,1.795,14217.938,5,2017-06-26 17:58:29.123793;
nan,nan,nan,nan,25.2,nan,nan,1000.22,nan,2017-06-26 21:58:35.763500,1.903,455.476,1.8,14211.79,5,2017-06-26 17:58:34.120082;
nan,nan,nan,nan,25.2,nan,nan,1000.24,nan,2017-06-26 21:58:40.743500,1.902,454.966,1.86,14219.408,5,2017-06-26 17:58:39.124924;
nan,nan,nan,nan,25.2,nan,nan,1000.26,nan,2017-06-26 21:58:45.723500,1.902,453.668,1.763,14195.752,5,2017-06-26 17:58:44.121567;
nan,nan,nan,nan,25.2,nan,nan,1000.24,nan,2017-06-26 21:58:50.704000,1.9,451.609,1.762,14230.566,5,2017-06-26 17:58:49.115360;
nan,nan,nan,nan,25.2,nan,nan,1000.24,nan,2017-06-26 21:58:55.687000,1.902,451.383,1.811,14205.492,5,2017-06-26 17:58:54.132644;
nan,nan,nan,nan,25.2,nan,nan,1000.2,nan,2017-06-26 21:59:00.672500,1.901,451.092,1.886,14220.962,5,2017-06-26 17:58:59.135439;
nan,nan,nan,nan,25.2,nan,nan,1000.2,nan,2017-06-26 21:59:05.654500,1.903,449.267,1.723,14189.766,5,2017-06-26 17:59:04.115970;
nan,nan,nan,nan,25.2,nan,nan,1000.24,nan,2017-06-26 21:59:10.634500,1.902,447.283,1.862,14215.462,5,2017-06-26 17:59:09.123659;
nan,nan,nan,nan,25.2,nan,nan,1000.22,nan,2017-06-26 21:59:15.618000,1.903,448.069,1.781,14225.444,5,2017-06-26 17:59:14.126142;
nan,nan,nan,nan,25.2,nan,nan,1000.18,nan,2017-06-26 21:59:20.611000,1.902,448.713,1.851,14190.344,5,2017-06-26 17:59:19.124743;
nan,nan,nan,nan,25.2,nan,nan,1000.22,nan,2017-06-26 21:59:25.602000,1.903,450.015,1.711,14186.176,5,2017-06-26 17:59:24.138653;
nan,nan,nan,nan,25.2,nan,nan,1000.2,nan,2017-06-26 21:59:30.579000,1.903,452.246,1.729,14267.688,5,2017-06-26 17:59:29.122927;
nan,nan,nan,nan,25.2,nan,nan,1000.18,nan,2017-06-26 21:59:35.555500,1.903,450.83,1.608,14209.694,5,2017-06-26 17:59:34.118325;
nan,nan,nan,nan,25.2,nan,nan,1000.18,nan,2017-06-26 21:59:40.533500,1.903,450.788,1.794,14206.87,5,2017-06-26 17:59:39.127262;
nan,nan,nan,nan,25.2,nan,nan,1000.18,nan,2017-06-26 21:59:45.512000,1.902,450.826,1.685,14233.708,5,2017-06-26 17:59:44.130439;
nan,nan,nan,nan,25.2,nan,nan,1000.2,nan,2017-06-26 21:59:50.488500,1.902,450.982,1.784,14199.144,5,2017-06-26 17:59:49.140008;
nan,nan,nan,nan,25.2,nan,nan,1000.24,nan,2017-06-26 21:59:55.464500,1.903,451.619,1.707,14227.212,5,2017-06-26 17:59:54.130239;
nan,nan,nan,nan,25.2,nan,nan,1000.26,nan,2017-06-26 22:00:00.441500,1.903,451.644,1.68,14192.55,5,2017-06-26 17:59:59.120056;
nan,nan,nan,nan,25.2,nan,nan,1000.283,nan,2017-06-26 22:00:05.417000,1.903,452.684,1.71,14234.578,5,2017-06-26 18:00:05.135256;
nan,nan,nan,nan,25.2,nan,nan,1000.28,nan,2017-06-26 22:00:21.341500,1.903,451.083,1.681,14259.846,5,2017-06-26 18:00:20.018223;
nan,nan,nan,nan,25.2,nan,nan,1000.22,nan,2017-06-26 22:00:26.318500,1.903,450.673,1.718,14228.384,5,2017-06-26 18:00:25.011790;
nan,nan,nan,nan,25.2,nan,nan,1000.22,nan,2017-06-26 22:00:31.295000,1.902,451.435,1.623,14215.394,5,2017-06-26 18:00:30.023727;
nan,nan,nan,nan,25.3,nan,nan,1000.24,nan,2017-06-26 22:00:36.271500,1.903,450.881,1.671,14227.904,5,2017-06-26 18:00:35.015986;
nan,nan,nan,nan,25.3,nan,nan,1000.22,nan,2017-06-26 22:00:41.263500,1.904,452.23,1.672,14264.144,5,2017-06-26 18:00:40.016340;
nan,nan,nan,nan,25.3,nan,nan,1000.225,nan,2017-06-26 22:00:46.225000,1.903,451.659,1.568,14238.878,5,2017-06-26 18:00:44.005232;
nan,nan,nan,nan,25.3,nan,nan,1000.18,nan,2017-06-26 22:00:51.202000,1.902,451.146,1.718,14244.044,5,2017-06-26 18:00:49.005582;
nan,nan,nan,nan,25.3,nan,nan,1000.2,nan,2017-06-26 22:00:56.179500,1.904,453.448,1.636,14240.982,5,2017-06-26 18:00:54.021592;
nan,nan,nan,nan,25.3,nan,nan,1000.2,nan,2017-06-26 22:01:01.157000,1.904,453.119,1.817,14257.026,5,2017-06-26 18:00:59.973952;
nan,nan,nan,nan,25.3,nan,nan,1000.133,nan,2017-06-26 22:01:39.975000,1.903,452.905,1.638,14231.24,5,2017-06-26 18:01:38.147694;
nan,nan,nan,nan,25.3,nan,nan,1000.2,nan,2017-06-26 22:01:44.951000,1.903,455.028,1.747,14244.788,5,2017-06-26 18:01:43.132445;
nan,nan,nan,nan,25.3,nan,nan,1000.16,nan,2017-06-26 22:01:49.927500,1.904,459.709,1.62,14223.408,5,2017-06-26 18:01:48.132800;
nan,nan,nan,nan,25.3,nan,nan,1000.1,nan,2017-06-26 22:01:54.905500,1.903,460.329,1.657,14242.938,5,2017-06-26 18:01:53.148780;
