time, lat, lon, temp, wd, ws, pressure, hdop
'2017-06-14 155437.30', 43.660291666666666, -79.39848666666667, 19.7, 78.1, 4.8, 1006.5999999999999, 0.9
'2017-06-14 155438.20', 43.66029, -79.39848666666667, 19.7, 78.3, 3.8, 1006.6999999999999, 0.9
'2017-06-14 155439.20', 43.660288333333334, -79.39848666666667, 19.7, 115.1, 2.3, 1006.5999999999999, 0.9
'2017-06-14 155440.20', 43.660286666666664, -79.39848666666667, 19.7, 86.7, 2.7, 1006.6999999999999, 0.9
'2017-06-14 155441.20', 43.660285, -79.39848666666667, 19.7, 84.7, 3.3, 1006.6999999999999, 0.9
'2017-06-14 155442.20', 43.660285, -79.39848666666667, 19.8, 67.0, 2.1, 1006.6999999999999, 0.9
'2017-06-14 155443.30', 43.66028333333333, -79.39848666666667, 19.8, 87.4, 1.4, 1006.6999999999999, 0.9
'2017-06-14 155444.30', 43.66028333333333, -79.39848666666667, 19.9, 108.3, 3.1, 1006.8, 0.9
'2017-06-14 155445.30', 43.66028166666667, -79.39848666666667, 19.9, 100.4, 2.8, 1006.6999999999999, 1.1
'2017-06-14 155446.20', 43.66028166666667, -79.39848666666667, 19.9, 74.2, 2.5, 1006.8, 0.9
'2017-06-14 155447.20', 43.66028, -79.39848666666667, 19.9, 72.0, 4.0, 1006.6999999999999, 0.9
'2017-06-14 155448.20', 43.66027833333333, -79.39848666666667, 19.9, 73.4, 3.1, 1006.6999999999999, 0.9
'2017-06-14 155449.20', 43.66027833333333, -79.39848666666667, 19.9, 80.8, 2.5, 1006.8, 0.9
'2017-06-14 155450.20', 43.66027666666667, -79.39848666666667, 19.9, 91.6, 4.0, 1006.6999999999999, 0.9
'2017-06-14 155451.20', 43.66027666666667, -79.39848666666667, 19.9, 96.3, 4.3, 1006.6999999999999, 0.9
'2017-06-14 155452.20', 43.660275, -79.39848666666667, 19.9, 90.7, 4.8, 1006.6999999999999, 0.9
'2017-06-14 155453.20', 43.660275, -79.39848666666667, 19.9, 114.0, 4.1, 1006.6999999999999, 0.9
'2017-06-14 155454.20', 43.660273333333336, -79.398485, 19.8, 103.2, 4.8, 1006.6999999999999, 0.9
'2017-06-14 155455.30', 43.660273333333336, -79.398485, 19.7, 96.4, 5.6, 1006.8, 0.9
'2017-06-14 155456.20', 43.66027166666667, -79.398485, 19.7, 102.2, 5.7, 1006.8, 0.9
'2017-06-14 155457.30', 43.66027166666667, -79.39848333333333, 19.7, 110.6, 2.9, 1006.6999999999999, 0.9
'2017-06-14 155458.30', 43.66027, -79.39848333333333, 19.7, 128.6, 2.9, 1006.6999999999999, 0.9
'2017-06-14 155459.30', 43.660268333333335, -79.39848166666667, 19.7, 120.1, 3.4, 1006.8, 0.9
'2017-06-14 155500.20', 43.660268333333335, -79.39848166666667, 19.8, 121.2, 2.6, 1006.6999999999999, 0.9
'2017-06-14 155501.20', 43.660266666666665, -79.39848166666667, 19.8, 109.8, 2.0, 1006.8, 0.9
'2017-06-14 155502.20', 43.660266666666665, -79.39848166666667, 19.8, 102.2, 4.8, 1006.8, 0.9
'2017-06-14 155503.20', 43.660265, -79.39848, 19.8, 105.7, 6.8, 1006.6999999999999, 0.9
'2017-06-14 155504.20', 43.660265, -79.39848, 19.8, 127.7, 0.8, 1006.8, 0.9
'2017-06-14 155505.20', 43.660265, -79.39848, 19.8, 70.2, 2.7, 1006.6999999999999, 0.9
time, lat, lon, temp, wd, ws, pressure, hdop
'2017-06-14 155749.30', 43.660228333333336, -79.39845166666667, 19.7, 57.4, 4.4, 1006.5999999999999, 0.9
'2017-06-14 155750.30', 43.660228333333336, -79.39845166666667, 19.7, 77.5, 3.9, 1006.6999999999999, 0.9
'2017-06-14 155751.30', 43.660228333333336, -79.39845166666667, 19.7, 91.6, 3.4, 1006.6999999999999, 0.9
'2017-06-14 155752.30', 43.66022666666667, -79.39845166666667, 19.7, 93.9, 3.3, 1006.6999999999999, 0.9
'2017-06-14 155753.30', 43.66022666666667, -79.39845166666667, 19.7, 85.7, 4.5, 1006.6999999999999, 0.9
time, lat, lon, temp, wd, ws, pressure, hdop
'2017-06-14 160041.30', 43.66021666666666, -79.39844166666667, 19.6, 84.2, 2.3, 1006.8, 0.9
'2017-06-14 160042.30', 43.66021666666666, -79.39844166666667, 19.6, 122.4, 3.6, 1006.6999999999999, 0.9
'2017-06-14 160043.30', 43.66021666666666, -79.39844166666667, 19.6, 100.0, 3.1, 1006.6999999999999, 0.9
'2017-06-14 160044.30', 43.66021666666666, -79.39844333333333, 19.6, 85.6, 3.4, 1006.6999999999999, 0.9
'2017-06-14 160045.30', 43.66021666666666, -79.39844333333333, 19.6, 79.3, 2.6, 1006.6999999999999, 0.9
'2017-06-14 160046.30', 43.66021666666666, -79.39844333333333, 19.6, 72.1, 2.5, 1006.8, 0.9
'2017-06-14 160047.30', 43.660215, -79.39844333333333, 19.6, 84.4, 2.7, 1006.8, 0.9
'2017-06-14 160048.30', 43.660215, -79.398445, 19.6, 86.0, 3.1, 1006.6999999999999, 0.9
'2017-06-14 160049.30', 43.660215, -79.398445, 19.6, 88.6, 3.2, 1006.8, 0.9
'2017-06-14 160050.30', 43.66021333333333, -79.398445, 19.7, 85.3, 2.9, 1006.8, 0.9
time, lat, lon, temp, wd, ws, pressure, hdop
'2017-06-14 160146.30', 43.66017, -79.39842833333333, 20.0, 76.6, 2.8, 1006.8, 0.9
'2017-06-14 160147.30', 43.66017, -79.39842833333333, 20.0, 69.2, 2.5, 1006.8999999999999, 0.9
'2017-06-14 160148.30', 43.66016833333333, -79.39842833333333, 19.9, 67.6, 3.0, 1006.8, 0.9
'2017-06-14 160149.30', 43.660165, -79.39842666666667, 19.9, 46.7, 3.2, 1006.8999999999999, 1.3
'2017-06-14 160150.30', 43.66016333333334, -79.39842666666667, 19.9, 62.6, 3.2, 1006.8, 1.2
time, lat, lon, temp, wd, ws, pressure, hdop
'2017-06-14 171216.63', 43.65985666666667, -79.39868333333334, 21.9, 82.4, 2.0, 1006.4, 0.8
'2017-06-14 171217.63', 43.65985666666667, -79.39868333333334, 21.9, 85.1, 1.3, 1006.4, 0.8
'2017-06-14 171218.63', 43.65985666666667, -79.39868333333334, 21.9, 5.7, 0.9, 1006.5, 0.8
'2017-06-14 171219.63', 43.65985666666667, -79.39868333333334, 21.9, 88.3, 3.0, 1006.4, 0.8
'2017-06-14 171220.63', 43.65985833333333, -79.39868333333334, 21.8, 87.8, 4.3, 1006.4, 0.9
'2017-06-14 171221.63', 43.65985833333333, -79.39868333333334, 21.8, 81.3, 5.6, 1006.3, 0.8
'2017-06-14 171222.63', 43.65985833333333, -79.39868333333334, 21.7, 80.1, 6.5, 1006.3, 0.8
'2017-06-14 171223.63', 43.65986, -79.39868333333334, 21.7, 81.0, 5.6, 1006.3, 0.8
'2017-06-14 171224.63', 43.65986, -79.39868333333334, 21.7, 87.5, 4.6, 1006.3, 0.8
'2017-06-14 171225.63', 43.65986, -79.39868333333334, 21.6, 90.3, 4.7, 1006.3, 0.8
'2017-06-14 171226.63', 43.65986, -79.39868333333334, 21.6, 80.5, 4.3, 1006.3, 0.8
'2017-06-14 171227.63', 43.65986, -79.39868166666666, 21.6, 84.2, 4.5, 1006.4, 0.8
'2017-06-14 171228.63', 43.659861666666664, -79.39868166666666, 21.6, 63.9, 3.5, 1006.4, 0.8
'2017-06-14 171229.63', 43.659861666666664, -79.39868166666666, 21.6, 77.4, 4.0, 1006.1999999999999, 0.8
'2017-06-14 171230.63', 43.659861666666664, -79.39868333333334, 21.6, 79.4, 3.9, 1006.4, 0.8
'2017-06-14 171231.63', 43.659861666666664, -79.39868333333334, 21.6, 62.9, 3.0, 1006.3, 0.8
'2017-06-14 171232.63', 43.65986, -79.39868333333334, 21.6, 74.6, 4.6, 1006.3, 0.8
'2017-06-14 171233.63', 43.65986, -79.398685, 21.6, 76.0, 2.3, 1006.1999999999999, 0.9
'2017-06-14 171234.63', 43.65986, -79.398685, 21.6, 71.1, 5.2, 1006.4, 0.8
'2017-06-14 171235.63', 43.65986, -79.398685, 21.6, 77.4, 6.9, 1006.4, 0.8
'2017-06-14 171236.63', 43.65986, -79.39868666666666, 21.6, 83.2, 4.6, 1006.3, 0.8
'2017-06-14 171237.63', 43.65986, -79.39868666666666, 21.6, 33.0, 1.4, 1006.4, 0.8
'2017-06-14 171238.63', 43.65986, -79.39868666666666, 21.6, 65.4, 3.3, 1006.4, 0.9
'2017-06-14 171239.63', 43.65986, -79.39868833333334, 21.6, 71.3, 5.3, 1006.4, 0.9
'2017-06-14 171240.63', 43.65986, -79.39868833333334, 21.6, 80.5, 4.0, 1006.4, 0.8
'2017-06-14 171241.63', 43.65986, -79.39869, 21.6, 84.7, 1.7, 1006.3, 0.9
'2017-06-14 171242.63', 43.65986, -79.39869, 21.6, 79.6, 1.8, 1006.5, 0.9
'2017-06-14 171243.63', 43.65986, -79.39869, 21.6, 67.6, 4.3, 1006.4, 0.8
'2017-06-14 171244.63', 43.65986, -79.39869166666666, 21.6, 74.9, 5.9, 1006.4, 0.8
'2017-06-14 171245.63', 43.65986, -79.39869166666666, 21.6, 72.0, 3.7, 1006.3, 0.9
time, lat, lon, temp, wd, ws, pressure, hdop
'2017-06-14 171312.63', 43.659863333333334, -79.39869333333333, 21.5, 112.8, 1.3, 1006.5, 1.0
'2017-06-14 171313.63', 43.659863333333334, -79.39869333333333, 21.6, 93.9, 2.0, 1006.3, 0.9
'2017-06-14 171314.63', 43.659863333333334, -79.39869333333333, 21.6, 72.0, 2.2, 1006.4, 0.9
'2017-06-14 171315.63', 43.659863333333334, -79.39869333333333, 21.6, 79.8, 3.5, 1006.3, 0.9
'2017-06-14 171316.63', 43.659863333333334, -79.398695, 21.6, 97.4, 3.3, 1006.3, 0.9
'2017-06-14 171317.63', 43.659865, -79.398695, 21.6, 89.3, 3.2, 1006.4, 1.0
'2017-06-14 171318.63', 43.659865, -79.39869666666667, 21.6, 86.5, 3.8, 1006.4, 1.0
'2017-06-14 171319.63', 43.659865, -79.39869666666667, 21.6, 77.0, 3.2, 1006.3, 1.0
'2017-06-14 171320.63', 43.659866666666666, -79.39869666666667, 21.6, 66.5, 2.2, 1006.4, 1.0
'2017-06-14 171321.63', 43.659866666666666, -79.39869666666667, 21.6, 80.4, 3.2, 1006.4, 1.0
'2017-06-14 171322.63', 43.659866666666666, -79.39869833333333, 21.6, 82.9, 3.2, 1006.4, 1.0
'2017-06-14 171323.63', 43.659868333333335, -79.39869833333333, 21.6, 80.9, 1.9, 1006.4, 1.0
'2017-06-14 171324.63', 43.65987, -79.39869833333333, 21.6, 63.4, 2.0, 1006.4, 1.0
'2017-06-14 171325.63', 43.65987166666667, -79.3987, 21.6, 80.0, 3.2, 1006.4, 0.9
'2017-06-14 171326.63', 43.65987166666667, -79.3987, 21.6, 84.6, 2.7, 1006.3, 0.8
'2017-06-14 171327.63', 43.65987166666667, -79.39870166666667, 21.6, 80.8, 2.5, 1006.4, 0.8
'2017-06-14 171328.63', 43.65987166666667, -79.39870333333333, 21.6, 78.1, 4.3, 1006.4, 0.9
'2017-06-14 171329.63', 43.65987166666667, -79.398705, 21.6, 84.8, 3.5, 1006.3, 0.9
'2017-06-14 171330.63', 43.65987333333333, -79.398705, 21.6, 80.4, 4.3, 1006.4, 0.9
'2017-06-14 171331.63', 43.65987166666667, -79.39870666666667, 21.6, 69.4, 2.5, 1006.4, 0.8
'2017-06-14 171332.63', 43.65987166666667, -79.39870666666667, 21.6, 83.3, 4.8, 1006.4, 0.8
'2017-06-14 171333.63', 43.65987333333333, -79.39870666666667, 21.6, 87.4, 3.5, 1006.4, 0.8
'2017-06-14 171334.63', 43.65987333333333, -79.39870833333333, 21.6, 79.7, 4.6, 1006.4, 1.1
'2017-06-14 171335.63', 43.65987333333333, -79.39870833333333, 21.6, 90.1, 4.8, 1006.4, 0.8
'2017-06-14 171336.63', 43.65987333333333, -79.39870833333333, 21.6, 78.4, 4.6, 1006.5, 0.8
'2017-06-14 171337.63', 43.659875, -79.39870666666667, 21.6, 79.8, 5.3, 1006.4, 0.8
'2017-06-14 171338.63', 43.659875, -79.39870666666667, 21.5, 80.3, 5.3, 1006.5, 0.8
'2017-06-14 171339.63', 43.659875, -79.39870666666667, 21.5, 81.5, 5.4, 1006.3, 0.9
'2017-06-14 171340.63', 43.659875, -79.39870666666667, 21.5, 80.3, 5.6, 1006.5, 0.8
'2017-06-14 171341.63', 43.65987666666667, -79.39870666666667, 21.5, 76.2, 3.7, 1006.4, 0.8
'2017-06-14 171342.63', 43.65987666666667, -79.398705, 21.5, 76.4, 2.8, 1006.4, 0.8
'2017-06-14 171343.63', 43.65987666666667, -79.39870333333333, 21.5, 62.8, 1.9, 1006.4, 0.8
'2017-06-14 171344.63', 43.65987666666667, -79.39870333333333, 21.5, 69.1, 2.7, 1006.5, 0.8
'2017-06-14 171345.63', 43.65987666666667, -79.39870166666667, 21.6, 72.3, 0.9, 1006.4, 0.8
'2017-06-14 171346.63', 43.65987666666667, -79.3987, 21.6, 330.9, 0.8, 1006.4, 1.0
'2017-06-14 171347.63', 43.65987666666667, -79.3987, 21.6, 80.9, 2.6, 1006.3, 1.0
'2017-06-14 171348.63', 43.65987666666667, -79.3987, 21.6, 49.6, 1.5, 1006.4, 1.4
'2017-06-14 171349.63', 43.65987666666667, -79.39869833333333, 21.6, 84.2, 3.3, 1006.4, 1.4
'2017-06-14 171350.63', 43.65987666666667, -79.39869833333333, 21.6, 49.9, 2.6, 1006.4, 1.4
'2017-06-14 171351.63', 43.65987666666667, -79.39869666666667, 21.6, 72.4, 3.6, 1006.3, 1.0
'2017-06-14 171352.63', 43.65987666666667, -79.39869666666667, 21.6, 74.8, 4.4, 1006.4, 1.0
'2017-06-14 171353.63', 43.65987666666667, -79.398695, 21.6, 73.0, 3.0, 1006.4, 1.0
'2017-06-14 171354.63', 43.65987666666667, -79.398695, 21.6, 72.7, 1.2, 1006.3, 0.8
'2017-06-14 171355.63', 43.65987833333333, -79.39869333333333, 21.6, 77.2, 4.7, 1006.5, 0.8
'2017-06-14 171356.63', 43.65987833333333, -79.39869166666666, 21.6, 79.0, 3.8, 1006.3, 0.9
'2017-06-14 171357.63', 43.65987666666667, -79.39869166666666, 21.6, 76.0, 4.0, 1006.4, 0.9
'2017-06-14 171358.63', 43.65987666666667, -79.39869, 21.6, 78.9, 2.9, 1006.4, 1.5
'2017-06-14 171359.63', 43.65987666666667, -79.39869, 21.6, 71.7, 1.8, 1006.4, 1.1
'2017-06-14 171400.63', 43.65987666666667, -79.39868833333334, 21.6, 95.8, 2.6, 1006.4, 0.8
'2017-06-14 171401.63', 43.659875, -79.39868833333334, 21.6, 91.1, 2.4, 1006.4, 1.1
'2017-06-14 171402.63', 43.65987333333333, -79.39868666666666, 21.6, 16.6, 1.3, 1006.5, 1.1
'2017-06-14 171403.63', 43.65987166666667, -79.39868666666666, 21.6, 72.4, 2.7, 1006.4, 1.1
'2017-06-14 171404.63', 43.65987, -79.398685, 21.6, 89.3, 2.7, 1006.3, 1.1
'2017-06-14 171405.63', 43.65987, -79.398685, 21.6, 72.3, 4.1, 1006.4, 0.8
'2017-06-14 171406.63', 43.65987, -79.39868333333334, 21.6, 78.7, 4.8, 1006.3, 0.9
'2017-06-14 171407.63', 43.65987, -79.39868166666666, 21.6, 82.9, 3.7, 1006.3, 0.9
'2017-06-14 171408.63', 43.659868333333335, -79.39868166666666, 21.6, 80.1, 4.1, 1006.4, 0.9
'2017-06-14 171409.63', 43.659868333333335, -79.39868, 21.6, 82.9, 4.0, 1006.4, 0.8
'2017-06-14 171410.63', 43.659866666666666, -79.39867833333334, 21.6, 86.9, 3.3, 1006.3, 1.1
'2017-06-14 171411.63', 43.659866666666666, -79.39867666666666, 21.6, 82.3, 3.2, 1006.4, 1.1
'2017-06-14 171412.63', 43.659866666666666, -79.398675, 21.5, 80.9, 4.1, 1006.3, 1.1
'2017-06-14 171413.63', 43.659866666666666, -79.39867333333333, 21.5, 76.4, 4.5, 1006.4, 1.1
'2017-06-14 171414.63', 43.659866666666666, -79.39867333333333, 21.5, 80.4, 4.6, 1006.4, 0.8
'2017-06-14 171415.63', 43.659866666666666, -79.39867166666667, 21.5, 81.1, 4.3, 1006.4, 0.8
'2017-06-14 171416.63', 43.659865, -79.39867, 21.5, 59.2, 2.7, 1006.4, 0.8
'2017-06-14 171417.63', 43.659865, -79.39866833333333, 21.5, 62.3, 2.6, 1006.4, 1.1
'2017-06-14 171418.63', 43.659863333333334, -79.39866666666667, 21.5, 72.6, 3.4, 1006.5, 1.1
'2017-06-14 171419.63', 43.659863333333334, -79.39866666666667, 21.5, 72.6, 2.8, 1006.4, 1.1
'2017-06-14 171420.63', 43.659863333333334, -79.398665, 21.5, 74.0, 3.0, 1006.5999999999999, 0.8
'2017-06-14 171421.63', 43.659863333333334, -79.39866333333333, 21.6, 71.9, 2.8, 1006.4, 0.8
'2017-06-14 171422.63', 43.659863333333334, -79.39866333333333, 21.6, 75.7, 3.2, 1006.5, 1.1
'2017-06-14 171423.63', 43.659863333333334, -79.39866166666667, 21.6, 82.9, 2.5, 1006.4, 1.2
'2017-06-14 171424.63', 43.659861666666664, -79.39866, 21.6, 80.7, 2.2, 1006.4, 0.9
'2017-06-14 171425.63', 43.659861666666664, -79.39866, 21.6, 57.6, 1.7, 1006.4, 0.8
'2017-06-14 171426.63', 43.65986, -79.39865833333333, 21.6, 54.2, 2.3, 1006.5, 0.8
'2017-06-14 171427.63', 43.65986, -79.39865833333333, 21.6, 78.3, 2.8, 1006.4, 0.8
'2017-06-14 171428.63', 43.65986, -79.39865666666667, 21.6, 83.0, 5.7, 1006.5, 0.8
'2017-06-14 171429.63', 43.65986, -79.39865666666667, 21.6, 79.9, 5.7, 1006.3, 1.1
'2017-06-14 171430.63', 43.65985833333333, -79.39865666666667, 21.6, 78.2, 6.3, 1006.3, 1.1
'2017-06-14 171431.63', 43.65985833333333, -79.398655, 21.6, 77.5, 5.0, 1006.4, 0.9
'2017-06-14 171432.63', 43.65985833333333, -79.398655, 21.6, 78.7, 6.0, 1006.5, 0.9
'2017-06-14 171433.63', 43.65985833333333, -79.398655, 21.5, 81.7, 7.0, 1006.5, 0.9
'2017-06-14 171434.63', 43.65986, -79.39865333333333, 21.5, 80.7, 6.1, 1006.4, 0.8
'2017-06-14 171435.63', 43.65986, -79.39865333333333, 21.5, 75.3, 5.8, 1006.4, 1.0
'2017-06-14 171436.63', 43.65986, -79.39865166666667, 21.5, 75.7, 4.5, 1006.4, 1.4
'2017-06-14 171437.63', 43.65986, -79.39865166666667, 21.5, 73.8, 4.7, 1006.4, 1.0
'2017-06-14 171438.63', 43.65986, -79.39865166666667, 21.5, 84.0, 5.6, 1006.4, 1.0
'2017-06-14 171439.63', 43.65986, -79.39865, 21.5, 76.4, 7.0, 1006.5, 1.0
'2017-06-14 171440.63', 43.659861666666664, -79.39865, 21.5, 86.9, 4.1, 1006.5, 1.4
'2017-06-14 171441.63', 43.659861666666664, -79.39865, 21.5, 80.5, 4.8, 1006.4, 1.4
'2017-06-14 171442.63', 43.659861666666664, -79.39865, 21.5, 85.2, 4.8, 1006.4, 1.4
'2017-06-14 171443.63', 43.659861666666664, -79.39865, 21.5, 64.1, 3.5, 1006.4, 1.4
'2017-06-14 171444.63', 43.659861666666664, -79.39864833333333, 21.5, 82.7, 2.4, 1006.3, 1.4
'2017-06-14 171445.63', 43.659861666666664, -79.39864833333333, 21.5, 69.6, 3.0, 1006.4, 1.0
'2017-06-14 171446.63', 43.659863333333334, -79.39864833333333, 21.4, 74.0, 7.7, 1006.4, 1.4
'2017-06-14 171447.63', 43.659863333333334, -79.39864833333333, 21.4, 76.1, 7.5, 1006.4, 1.4
'2017-06-14 171448.63', 43.659863333333334, -79.39864833333333, 21.4, 76.9, 9.4, 1006.4, 1.1
'2017-06-14 171449.63', 43.659863333333334, -79.39864833333333, 21.3, 81.3, 9.4, 1006.3, 1.1
'2017-06-14 171450.63', 43.659865, -79.39864833333333, 21.3, 76.4, 9.6, 1006.3, 0.8
'2017-06-14 171451.63', 43.659865, -79.39864833333333, 21.2, 80.5, 9.8, 1006.3, 0.8
'2017-06-14 171452.63', 43.659861666666664, -79.39865, 21.2, 85.8, 5.9, 1006.3, 0.8
'2017-06-14 171453.63', 43.65985833333333, -79.39865, 21.2, 77.7, 4.1, 1006.4, 0.8
'2017-06-14 171454.63', 43.65985666666667, -79.39865166666667, 21.2, 72.7, 3.2, 1006.3, 0.8
'2017-06-14 171455.63', 43.65985666666667, -79.39865166666667, 21.2, 77.6, 4.4, 1006.4, 0.8
'2017-06-14 171456.63', 43.659855, -79.39865166666667, 21.3, 74.0, 4.2, 1006.3, 0.8
'2017-06-14 171457.63', 43.65985333333333, -79.39865333333333, 21.3, 77.5, 6.8, 1006.3, 1.1
'2017-06-14 171458.63', 43.65985333333333, -79.39865333333333, 21.3, 84.8, 6.8, 1006.3, 1.1
'2017-06-14 171459.63', 43.65985333333333, -79.398655, 21.3, 79.4, 6.3, 1006.3, 1.1
'2017-06-14 171500.63', 43.65985166666667, -79.398655, 21.3, 81.4, 6.6, 1006.4, 1.1
'2017-06-14 171501.63', 43.65985166666667, -79.39865666666667, 21.3, 81.6, 6.3, 1006.4, 1.1
'2017-06-14 171502.63', 43.65985166666667, -79.39865666666667, 21.3, 83.4, 5.0, 1006.3, 1.1
'2017-06-14 171503.63', 43.65985166666667, -79.39865833333333, 21.3, 76.2, 5.1, 1006.3, 1.1
'2017-06-14 171504.63', 43.65985, -79.39865833333333, 21.3, 82.2, 5.2, 1006.4, 1.1
'2017-06-14 171505.63', 43.65985, -79.39865833333333, 21.3, 82.7, 4.8, 1006.3, 1.1
'2017-06-14 171506.63', 43.65985, -79.39866, 21.3, 80.8, 5.3, 1006.3, 0.8
'2017-06-14 171507.63', 43.65985, -79.39866166666667, 21.3, 79.7, 4.8, 1006.1999999999999, 0.9
'2017-06-14 171508.63', 43.65985, -79.39866166666667, 21.3, 79.9, 5.1, 1006.1999999999999, 0.9
'2017-06-14 171509.63', 43.65985, -79.39866333333333, 21.3, 78.9, 5.0, 1006.1999999999999, 1.1
'2017-06-14 171510.63', 43.65985, -79.398665, 21.3, 84.4, 1.6, 1006.3, 1.1
'2017-06-14 171511.63', 43.659848333333336, -79.398665, 21.3, 61.8, 2.6, 1006.3, 0.8
'2017-06-14 171512.63', 43.659848333333336, -79.39866666666667, 21.3, 76.8, 5.4, 1006.3, 0.9
'2017-06-14 171513.63', 43.659848333333336, -79.39866666666667, 21.3, 87.2, 3.3, 1006.3, 0.8
'2017-06-14 171514.63', 43.65985, -79.39866666666667, 21.3, 75.2, 3.4, 1006.3, 0.8
'2017-06-14 171515.63', 43.65985, -79.39866833333333, 21.4, 77.8, 4.5, 1006.1999999999999, 0.8
'2017-06-14 171516.63', 43.65985166666667, -79.39866833333333, 21.4, 91.3, 3.8, 1006.3, 0.8
'2017-06-14 171517.63', 43.65985166666667, -79.39867, 21.4, 81.9, 4.4, 1006.3, 0.8
'2017-06-14 171518.63', 43.65985333333333, -79.39867, 21.4, 80.2, 4.7, 1006.5, 0.8
'2017-06-14 171519.63', 43.65985333333333, -79.39867, 21.4, 82.0, 4.7, 1006.1999999999999, 0.8
'2017-06-14 171520.63', 43.65985333333333, -79.39867166666667, 21.4, 45.7, 2.1, 1006.4, 1.0
'2017-06-14 171521.63', 43.65985333333333, -79.39867166666667, 21.4, 77.9, 5.9, 1006.4, 1.0
'2017-06-14 171522.63', 43.65985166666667, -79.39867166666667, 21.3, 76.2, 7.6, 1006.4, 1.0
'2017-06-14 171523.63', 43.65985333333333, -79.39867166666667, 21.3, 77.0, 6.2, 1006.5, 0.8
'2017-06-14 171524.63', 43.65985166666667, -79.39867166666667, 21.3, 33.9, 1.8, 1006.4, 0.8
'2017-06-14 171525.63', 43.65985166666667, -79.39867166666667, 21.3, 81.2, 5.6, 1006.3, 0.8
'2017-06-14 171526.63', 43.65985166666667, -79.39867333333333, 21.3, 63.3, 3.4, 1006.4, 0.8
'2017-06-14 171527.63', 43.65985166666667, -79.39867333333333, 21.3, 70.3, 3.7, 1006.5, 0.8
'2017-06-14 171528.63', 43.65985166666667, -79.39867333333333, 21.3, 100.8, 1.7, 1006.4, 0.8
'2017-06-14 171529.63', 43.65985166666667, -79.39867333333333, 21.3, 99.7, 5.4, 1006.3, 0.8
'2017-06-14 171530.63', 43.65985166666667, -79.39867333333333, 21.2, 91.5, 5.5, 1006.4, 0.8
'2017-06-14 171531.63', 43.65985166666667, -79.39867333333333, 21.2, 105.6, 4.6, 1006.4, 0.8
'2017-06-14 171532.63', 43.65985166666667, -79.39867166666667, 21.2, 110.1, 6.3, 1006.3, 0.8
'2017-06-14 171533.63', 43.65985166666667, -79.39867333333333, 21.2, 93.1, 8.4, 1006.4, 0.8
'2017-06-14 171534.63', 43.65985166666667, -79.39867166666667, 21.2, 98.7, 5.9, 1006.3, 0.8
'2017-06-14 171535.63', 43.65985166666667, -79.39867166666667, 21.2, 114.0, 4.7, 1006.3, 0.8
'2017-06-14 171536.63', 43.65985333333333, -79.39867166666667, 21.2, 103.0, 4.3, 1006.3, 0.8
'2017-06-14 171537.63', 43.65985333333333, -79.39867, 21.2, 104.4, 5.4, 1006.3, 0.8
'2017-06-14 171538.63', 43.65985333333333, -79.39867, 21.2, 106.7, 3.8, 1006.3, 0.8
'2017-06-14 171539.63', 43.65985333333333, -79.39866833333333, 21.2, 113.9, 2.3, 1006.3, 1.0
'2017-06-14 171540.63', 43.659855, -79.39866833333333, 21.2, 119.8, 3.5, 1006.4, 0.8
'2017-06-14 171541.63', 43.659855, -79.39866666666667, 21.2, 117.7, 1.9, 1006.3, 0.8
'2017-06-14 171542.63', 43.65985666666667, -79.39866666666667, 21.3, 114.5, 2.2, 1006.4, 0.8
'2017-06-14 171543.63', 43.65985666666667, -79.398665, 21.3, 100.5, 3.3, 1006.3, 0.8
'2017-06-14 171544.63', 43.65985833333333, -79.39866333333333, 21.3, 110.7, 4.6, 1006.4, 1.0
'2017-06-14 171545.63', 43.65985833333333, -79.39866333333333, 21.3, 86.9, 3.7, 1006.3, 0.8
'2017-06-14 171546.63', 43.65985833333333, -79.39866166666667, 21.3, 99.4, 3.9, 1006.4, 0.8
'2017-06-14 171547.63', 43.65985833333333, -79.39866, 21.3, 86.6, 4.3, 1006.4, 0.8
'2017-06-14 171548.63', 43.65985833333333, -79.39866, 21.3, 104.9, 4.6, 1006.5, 1.1
'2017-06-14 171549.63', 43.65985833333333, -79.39865833333333, 21.3, 106.9, 5.5, 1006.4, 1.1
'2017-06-14 171550.63', 43.65985666666667, -79.39865833333333, 21.3, 105.5, 4.6, 1006.3, 1.1
'2017-06-14 171551.63', 43.65985666666667, -79.39865666666667, 21.3, 89.9, 3.4, 1006.4, 0.8
'2017-06-14 171552.63', 43.65985666666667, -79.39865666666667, 21.3, 81.1, 3.0, 1006.4, 1.1
'2017-06-14 171553.63', 43.65985666666667, -79.398655, 21.3, 89.6, 3.5, 1006.3, 1.1
'2017-06-14 171554.63', 43.65985833333333, -79.398655, 21.3, 105.7, 5.1, 1006.4, 0.8
'2017-06-14 171555.63', 43.65985833333333, -79.39865333333333, 21.3, 98.9, 4.8, 1006.4, 0.8
'2017-06-14 171556.63', 43.65985833333333, -79.39865333333333, 21.3, 88.5, 4.2, 1006.4, 1.1
'2017-06-14 171557.63', 43.65985833333333, -79.39865166666667, 21.3, 87.3, 5.5, 1006.4, 1.1
'2017-06-14 171558.63', 43.65986, -79.39865166666667, 21.3, 85.8, 4.6, 1006.4, 1.1
'2017-06-14 171559.63', 43.65986, -79.39865166666667, 21.3, 93.6, 5.1, 1006.4, 0.8
'2017-06-14 171600.63', 43.65985833333333, -79.39865166666667, 21.2, 96.9, 5.3, 1006.4, 0.8
'2017-06-14 171601.63', 43.65985833333333, -79.39865166666667, 21.2, 97.7, 4.5, 1006.4, 1.1
'2017-06-14 171602.63', 43.65985833333333, -79.39865166666667, 21.2, 94.0, 5.8, 1006.4, 1.1
'2017-06-14 171603.63', 43.65985666666667, -79.39865166666667, 21.2, 88.7, 5.6, 1006.4, 1.2
'2017-06-14 171604.63', 43.65985666666667, -79.39865166666667, 21.2, 85.9, 4.9, 1006.4, 1.2
'2017-06-14 171605.63', 43.65985666666667, -79.39865333333333, 21.2, 104.5, 6.3, 1006.4, 1.2
'2017-06-14 171606.63', 43.659855, -79.39865333333333, 21.2, 82.0, 4.8, 1006.4, 1.2
'2017-06-14 171607.63', 43.659855, -79.39865333333333, 21.2, 78.8, 6.3, 1006.4, 0.9
'2017-06-14 171608.63', 43.659855, -79.39865333333333, 21.2, 89.0, 6.3, 1006.4, 0.8
'2017-06-14 171609.63', 43.65985666666667, -79.39865333333333, 21.2, 89.6, 6.8, 1006.3, 0.9
'2017-06-14 171610.63', 43.65985666666667, -79.39865333333333, 21.2, 85.5, 6.6, 1006.4, 0.9
'2017-06-14 171611.63', 43.65985666666667, -79.39865333333333, 21.1, 95.8, 7.4, 1006.3, 0.9
'2017-06-14 171612.63', 43.65985666666667, -79.39865333333333, 21.0, 100.9, 8.5, 1006.3, 0.9
'2017-06-14 171613.63', 43.65985833333333, -79.39865333333333, 21.0, 106.6, 8.8, 1006.3, 0.9
'2017-06-14 171614.63', 43.65985833333333, -79.39865333333333, 21.0, 107.3, 7.1, 1006.3, 0.9
'2017-06-14 171615.63', 43.65986, -79.39865333333333, 21.0, 87.9, 5.5, 1006.4, 0.9
'2017-06-14 171616.63', 43.65986, -79.39865333333333, 21.0, 96.4, 4.4, 1006.4, 0.9
'2017-06-14 171617.63', 43.659861666666664, -79.398655, 21.0, 104.6, 5.2, 1006.4, 0.9
'2017-06-14 171618.63', 43.659861666666664, -79.398655, 21.0, 113.5, 4.8, 1006.1999999999999, 0.8
'2017-06-14 171619.63', 43.659863333333334, -79.398655, 21.0, 93.3, 5.6, 1006.4, 0.8
'2017-06-14 171620.63', 43.659863333333334, -79.39865333333333, 21.0, 98.6, 5.9, 1006.3, 0.8
'2017-06-14 171621.63', 43.659865, -79.39865333333333, 21.0, 96.4, 6.2, 1006.3, 0.8
'2017-06-14 171622.63', 43.659866666666666, -79.39865333333333, 21.0, 95.2, 5.3, 1006.1999999999999, 0.8
'2017-06-14 171623.63', 43.659868333333335, -79.39865333333333, 21.0, 103.9, 5.0, 1006.3, 0.8
'2017-06-14 171624.63', 43.659868333333335, -79.39865166666667, 21.0, 104.3, 5.0, 1006.4, 0.8
'2017-06-14 171625.63', 43.65987, -79.39865166666667, 21.1, 101.7, 4.1, 1006.3, 0.8
'2017-06-14 171626.63', 43.65987166666667, -79.39865166666667, 21.1, 91.9, 4.3, 1006.4, 1.0
'2017-06-14 171627.63', 43.65987333333333, -79.39865166666667, 21.1, 101.7, 4.9, 1006.3, 1.0
'2017-06-14 171628.63', 43.65987333333333, -79.39865, 21.1, 97.5, 4.9, 1006.3, 1.0
'2017-06-14 171629.63', 43.659875, -79.39865, 21.1, 99.6, 5.8, 1006.3, 0.9
'2017-06-14 171630.63', 43.65987666666667, -79.39865, 21.1, 87.1, 4.3, 1006.4, 0.9
'2017-06-14 171631.63', 43.65987666666667, -79.39865, 21.1, 102.1, 3.7, 1006.4, 0.9
'2017-06-14 171632.63', 43.65987833333333, -79.39864833333333, 21.1, 102.6, 4.6, 1006.4, 0.9
'2017-06-14 171633.63', 43.65988, -79.39864833333333, 21.1, 89.3, 3.8, 1006.4, 0.9
'2017-06-14 171634.63', 43.65988, -79.39864833333333, 21.1, 84.5, 4.4, 1006.4, 1.0
'2017-06-14 171635.63', 43.659881666666664, -79.39864833333333, 21.1, 79.0, 3.8, 1006.4, 1.0
'2017-06-14 171636.63', 43.65988333333333, -79.39864833333333, 21.1, 86.8, 3.0, 1006.4, 0.9
'2017-06-14 171637.63', 43.65988333333333, -79.39864833333333, 21.2, 90.9, 2.9, 1006.4, 0.9
'2017-06-14 171638.63', 43.659885, -79.39864833333333, 21.2, 87.3, 3.1, 1006.4, 0.9
'2017-06-14 171639.63', 43.659885, -79.39865, 21.2, 93.6, 2.4, 1006.3, 0.9
'2017-06-14 171640.63', 43.659885, -79.39865, 21.2, 98.7, 2.5, 1006.4, 0.9
'2017-06-14 171641.63', 43.659885, -79.39865166666667, 21.2, 88.8, 2.4, 1006.4, 0.9
'2017-06-14 171642.63', 43.659885, -79.39865166666667, 21.2, 84.7, 2.8, 1006.4, 1.0
'2017-06-14 171643.63', 43.659885, -79.39865166666667, 21.2, 90.1, 2.7, 1006.4, 1.0
'2017-06-14 171644.63', 43.659886666666665, -79.39865333333333, 21.2, 99.1, 2.8, 1006.3, 0.9
'2017-06-14 171645.63', 43.659886666666665, -79.39865333333333, 21.2, 85.2, 1.9, 1006.5, 0.9
'2017-06-14 171646.63', 43.659886666666665, -79.398655, 21.2, 72.7, 2.0, 1006.4, 0.9
'2017-06-14 171647.63', 43.659886666666665, -79.398655, 21.2, 94.4, 1.6, 1006.5, 0.9
'2017-06-14 171648.63', 43.659886666666665, -79.39865666666667, 21.2, 85.8, 2.3, 1006.4, 0.9
'2017-06-14 171649.63', 43.659886666666665, -79.39865666666667, 21.2, 93.2, 3.6, 1006.4, 0.9
'2017-06-14 171650.63', 43.659886666666665, -79.39865833333333, 21.2, 82.6, 3.7, 1006.3, 0.9
'2017-06-14 171651.63', 43.659886666666665, -79.39865833333333, 21.2, 108.3, 3.8, 1006.5, 0.9
'2017-06-14 171652.63', 43.659886666666665, -79.39866, 21.2, 104.6, 5.0, 1006.4, 0.9
'2017-06-14 171653.63', 43.659886666666665, -79.39866166666667, 21.2, 94.7, 4.4, 1006.4, 0.9
'2017-06-14 171654.63', 43.659886666666665, -79.39866166666667, 21.2, 85.5, 4.7, 1006.3, 0.9
'2017-06-14 171655.63', 43.659886666666665, -79.39866166666667, 21.2, 103.6, 3.3, 1006.5, 0.9
'2017-06-14 171656.63', 43.659886666666665, -79.39866333333333, 21.2, 76.0, 2.9, 1006.4, 0.9
'2017-06-14 171657.63', 43.659886666666665, -79.39866333333333, 21.2, 74.7, 2.7, 1006.5, 0.9
'2017-06-14 171658.63', 43.659886666666665, -79.398665, 21.2, 42.6, 1.9, 1006.5, 0.9
'2017-06-14 171659.63', 43.659886666666665, -79.398665, 21.2, 58.5, 2.7, 1006.5, 0.9
'2017-06-14 171700.63', 43.659886666666665, -79.398665, 21.2, 63.0, 3.3, 1006.5, 0.9
'2017-06-14 171701.63', 43.659886666666665, -79.398665, 21.2, 82.9, 4.3, 1006.4, 0.9
'2017-06-14 171702.63', 43.659885, -79.39866666666667, 21.2, 92.0, 4.7, 1006.5, 0.9
'2017-06-14 171703.63', 43.659885, -79.39866666666667, 21.2, 87.9, 4.6, 1006.4, 0.9
'2017-06-14 171704.63', 43.65988333333333, -79.39866666666667, 21.2, 84.4, 4.4, 1006.4, 1.0
'2017-06-14 171705.63', 43.65988333333333, -79.39866666666667, 21.2, 88.8, 4.1, 1006.5999999999999, 0.9
'2017-06-14 171706.63', 43.65988333333333, -79.39866833333333, 21.2, 83.1, 3.8, 1006.5, 0.9
'2017-06-14 171707.63', 43.65988333333333, -79.39866833333333, 21.2, 86.5, 3.4, 1006.5, 0.9
'2017-06-14 171708.63', 43.65988333333333, -79.39866833333333, 21.2, 94.8, 3.6, 1006.4, 0.9
'2017-06-14 171709.63', 43.65988333333333, -79.39866833333333, 21.2, 97.6, 4.2, 1006.4, 0.9
'2017-06-14 171710.63', 43.65988333333333, -79.39867, 21.2, 80.9, 4.3, 1006.4, 0.9
'2017-06-14 171711.63', 43.659885, -79.39867, 21.2, 88.5, 4.1, 1006.4, 0.9
'2017-06-14 171712.63', 43.659885, -79.39867, 21.2, 84.0, 3.8, 1006.4, 1.0
'2017-06-14 171713.63', 43.659885, -79.39867166666667, 21.2, 79.5, 3.9, 1006.5, 0.9
'2017-06-14 171714.63', 43.659885, -79.39867166666667, 21.2, 83.4, 4.7, 1006.5, 1.0
'2017-06-14 171715.63', 43.659886666666665, -79.39867333333333, 21.2, 88.6, 5.3, 1006.5, 1.2
'2017-06-14 171716.63', 43.659886666666665, -79.39867333333333, 21.2, 85.2, 4.2, 1006.3, 1.2
'2017-06-14 171717.63', 43.659886666666665, -79.398675, 21.2, 91.8, 4.4, 1006.5, 1.0
'2017-06-14 171718.63', 43.659886666666665, -79.39867666666666, 21.2, 93.6, 4.0, 1006.3, 0.9
'2017-06-14 171719.63', 43.659886666666665, -79.39867833333334, 21.2, 100.9, 3.3, 1006.4, 1.2
'2017-06-14 171720.63', 43.659888333333335, -79.39867833333334, 21.2, 104.2, 2.8, 1006.5, 1.0
'2017-06-14 171721.63', 43.659888333333335, -79.39868, 21.2, 102.5, 1.7, 1006.4, 1.1
'2017-06-14 171722.63', 43.659888333333335, -79.39868166666666, 21.2, 92.5, 2.1, 1006.4, 1.0
'2017-06-14 171723.63', 43.659886666666665, -79.39868166666666, 21.3, 98.9, 2.8, 1006.5, 1.0
'2017-06-14 171724.63', 43.659885, -79.398685, 21.3, 86.5, 3.6, 1006.5, 1.0
'2017-06-14 171725.63', 43.65988333333333, -79.39868666666666, 21.3, 77.0, 3.9, 1006.5, 1.0
'2017-06-14 171726.63', 43.65988333333333, -79.39868666666666, 21.3, 84.5, 3.9, 1006.4, 1.0
'2017-06-14 171727.63', 43.65988333333333, -79.39868833333334, 21.3, 87.4, 4.2, 1006.5, 1.6
'2017-06-14 171728.63', 43.65988333333333, -79.39868833333334, 21.3, 89.5, 4.3, 1006.5, 1.2
'2017-06-14 171729.63', 43.65988333333333, -79.39869, 21.3, 99.2, 4.1, 1006.5, 1.2
'2017-06-14 171730.63', 43.65988333333333, -79.39869, 21.2, 87.2, 3.9, 1006.5, 1.2
'2017-06-14 171731.63', 43.65988333333333, -79.39869, 21.2, 89.6, 4.0, 1006.4, 0.9
'2017-06-14 171732.63', 43.65988333333333, -79.39869166666666, 21.2, 85.8, 4.2, 1006.5, 1.2
'2017-06-14 171733.63', 43.65988333333333, -79.39869166666666, 21.2, 95.0, 4.7, 1006.5, 1.6
'2017-06-14 171734.63', 43.659885, -79.39869333333333, 21.2, 87.2, 4.4, 1006.5, 1.2
'2017-06-14 171735.63', 43.659885, -79.39869333333333, 21.2, 97.0, 3.9, 1006.5, 1.2
'2017-06-14 171736.63', 43.659885, -79.39869333333333, 21.2, 97.5, 3.8, 1006.5, 1.2
'2017-06-14 171737.63', 43.659885, -79.39869333333333, 21.2, 104.5, 4.1, 1006.4, 1.0
'2017-06-14 171738.63', 43.65988333333333, -79.398695, 21.2, 101.4, 4.0, 1006.4, 1.0
'2017-06-14 171739.63', 43.65988333333333, -79.39869666666667, 21.2, 80.3, 3.2, 1006.4, 1.0
'2017-06-14 171740.63', 43.659885, -79.39869833333333, 21.2, 99.4, 2.7, 1006.4, 1.0
'2017-06-14 171741.63', 43.659885, -79.39869833333333, 21.2, 89.9, 2.8, 1006.4, 1.0
'2017-06-14 171742.63', 43.659885, -79.3987, 21.2, 74.5, 2.4, 1006.4, 0.9
'2017-06-14 171743.63', 43.659885, -79.39870166666667, 21.2, 79.1, 2.9, 1006.4, 1.0
'2017-06-14 171744.63', 43.659886666666665, -79.39870166666667, 21.2, 89.5, 3.0, 1006.5, 1.0
'2017-06-14 171745.63', 43.659886666666665, -79.39870333333333, 21.2, 101.9, 3.1, 1006.4, 1.0
'2017-06-14 171746.63', 43.659888333333335, -79.398705, 21.2, 107.7, 3.0, 1006.4, 1.0
'2017-06-14 171747.63', 43.659888333333335, -79.398705, 21.2, 103.5, 3.5, 1006.5, 1.0
'2017-06-14 171748.63', 43.659888333333335, -79.39870666666667, 21.3, 86.9, 2.8, 1006.4, 1.0
'2017-06-14 171749.63', 43.659888333333335, -79.39870666666667, 21.3, 77.8, 3.0, 1006.5, 1.0
'2017-06-14 171750.63', 43.65989, -79.39870833333333, 21.3, 76.5, 3.7, 1006.4, 1.0
'2017-06-14 171751.63', 43.65989, -79.39870833333333, 21.3, 76.9, 4.1, 1006.5, 1.0
'2017-06-14 171752.63', 43.65989, -79.39871, 21.3, 82.8, 4.8, 1006.5, 1.0
'2017-06-14 171753.63', 43.65989, -79.39871, 21.3, 85.4, 4.7, 1006.5, 1.0
'2017-06-14 171754.63', 43.65989, -79.39871, 21.3, 85.5, 4.8, 1006.4, 1.0
'2017-06-14 171755.63', 43.65989166666667, -79.39871166666667, 21.3, 91.6, 4.7, 1006.4, 1.0
'2017-06-14 171756.63', 43.65989166666667, -79.39871166666667, 21.3, 95.1, 4.2, 1006.4, 1.0
'2017-06-14 171757.63', 43.65989166666667, -79.39871166666667, 21.3, 90.7, 4.2, 1006.4, 1.0
'2017-06-14 171758.63', 43.65989166666667, -79.39871333333333, 21.3, 88.7, 5.2, 1006.5999999999999, 1.0
'2017-06-14 171759.63', 43.65989166666667, -79.39871333333333, 21.3, 88.0, 4.9, 1006.5, 1.0
'2017-06-14 171800.63', 43.65989166666667, -79.39871333333333, 21.3, 80.3, 4.4, 1006.4, 1.0
'2017-06-14 171801.63', 43.659893333333336, -79.39871333333333, 21.3, 90.0, 5.0, 1006.5, 1.0
'2017-06-14 171802.63', 43.659893333333336, -79.39871166666667, 21.2, 86.2, 7.7, 1006.5, 0.9
'2017-06-14 171803.63', 43.659893333333336, -79.39871166666667, 21.2, 90.0, 6.1, 1006.5, 0.9
'2017-06-14 171804.63', 43.659893333333336, -79.39871166666667, 21.2, 82.5, 6.9, 1006.3, 0.9
'2017-06-14 171805.63', 43.659893333333336, -79.39871166666667, 21.2, 88.4, 7.0, 1006.4, 0.9
'2017-06-14 171806.63', 43.659895, -79.39871166666667, 21.1, 89.9, 7.1, 1006.3, 0.9
'2017-06-14 171807.63', 43.659895, -79.39871166666667, 21.1, 88.4, 6.8, 1006.4, 0.9
'2017-06-14 171808.63', 43.659895, -79.39871166666667, 21.1, 83.8, 5.9, 1006.3, 0.9
'2017-06-14 171809.63', 43.65989666666667, -79.39871, 21.1, 85.6, 7.7, 1006.3, 0.9
'2017-06-14 171810.63', 43.65989666666667, -79.39871, 21.1, 92.8, 7.8, 1006.3, 0.9
'2017-06-14 171811.63', 43.659909999999996, -79.39871166666667, 21.0, 94.7, 8.3, 1006.3, 0.9
'2017-06-14 171812.63', 43.659925, -79.398715, 21.0, 89.7, 7.9, 1006.3, 0.9
'2017-06-14 171813.63', 43.659933333333335, -79.39871666666667, 21.0, 102.8, 8.3, 1006.3, 0.9
'2017-06-14 171814.63', 43.65994166666667, -79.39871833333333, 20.9, 104.8, 8.8, 1006.3, 1.0
'2017-06-14 171815.63', 43.659953333333334, -79.39872, 20.9, 96.4, 7.9, 1006.3, 1.0
'2017-06-14 171816.63', 43.65996166666667, -79.39872333333334, 20.9, 104.6, 8.6, 1006.3, 1.0
'2017-06-14 171817.63', 43.65996833333333, -79.398725, 20.9, 105.7, 6.9, 1006.3, 0.9
'2017-06-14 171818.63', 43.65997333333333, -79.39872666666666, 20.9, 96.5, 6.3, 1006.1999999999999, 0.9
'2017-06-14 171819.63', 43.659978333333335, -79.39872833333334, 20.9, 101.2, 6.4, 1006.1999999999999, 0.9
'2017-06-14 171820.63', 43.65998166666667, -79.39872833333334, 20.9, 107.6, 6.5, 1006.3, 1.0
'2017-06-14 171821.63', 43.65998666666667, -79.39873, 20.9, 108.3, 6.9, 1006.1999999999999, 1.0
'2017-06-14 171822.63', 43.65999, -79.39873166666666, 20.9, 102.5, 6.8, 1006.1999999999999, 1.0
'2017-06-14 171823.63', 43.65999333333333, -79.39873166666666, 20.9, 99.6, 6.7, 1006.1999999999999, 1.0
'2017-06-14 171824.63', 43.659998333333334, -79.39873333333334, 20.9, 103.3, 7.1, 1006.1999999999999, 1.0
'2017-06-14 171825.63', 43.660001666666666, -79.398735, 20.9, 105.0, 6.5, 1006.1999999999999, 1.3
'2017-06-14 171826.63', 43.660005, -79.39873833333333, 20.9, 114.2, 6.7, 1006.1999999999999, 1.0
'2017-06-14 171827.63', 43.66000833333333, -79.39874, 20.9, 103.0, 5.7, 1006.1999999999999, 0.9
'2017-06-14 171828.63', 43.66001166666667, -79.39874166666667, 20.9, 113.5, 4.7, 1006.1999999999999, 1.2
'2017-06-14 171829.63', 43.660015, -79.39874333333333, 20.9, 105.3, 5.4, 1006.3, 1.2
'2017-06-14 171830.63', 43.66001833333333, -79.398745, 20.9, 103.4, 6.3, 1006.3, 1.2
'2017-06-14 171831.63', 43.660021666666665, -79.398745, 20.9, 98.4, 6.1, 1006.1999999999999, 1.2
'2017-06-14 171832.63', 43.660023333333335, -79.39874666666667, 20.9, 103.9, 5.2, 1006.1999999999999, 0.9
'2017-06-14 171833.63', 43.66002666666667, -79.39874833333333, 20.9, 98.5, 5.4, 1006.1999999999999, 1.2
'2017-06-14 171834.63', 43.66002666666667, -79.39875, 20.9, 101.0, 5.8, 1006.3, 0.9
'2017-06-14 171835.63', 43.66002833333334, -79.39875166666667, 20.9, 99.8, 6.0, 1006.1999999999999, 1.2
'2017-06-14 171836.63', 43.66003, -79.39875333333333, 20.9, 101.7, 6.5, 1006.1999999999999, 1.6
'2017-06-14 171837.63', 43.66003333333333, -79.39875333333333, 20.9, 110.5, 6.6, 1006.1999999999999, 1.6
'2017-06-14 171838.63', 43.66003666666667, -79.398755, 20.9, 122.3, 5.3, 1006.1999999999999, 1.0
'2017-06-14 171839.63', 43.66003833333333, -79.39875666666667, 20.9, 97.8, 5.2, 1006.3, 1.0
'2017-06-14 171840.63', 43.660041666666665, -79.39875666666667, 20.9, 94.2, 5.0, 1006.3, 0.9
'2017-06-14 171841.63', 43.660043333333334, -79.39875833333333, 20.9, 108.5, 4.7, 1006.3, 1.0
'2017-06-14 171842.63', 43.660045, -79.39876, 20.9, 110.8, 4.5, 1006.4, 1.0
'2017-06-14 171843.63', 43.660046666666666, -79.39876, 20.9, 107.3, 5.1, 1006.3, 1.0
'2017-06-14 171844.63', 43.66005, -79.39876166666667, 20.9, 103.3, 5.4, 1006.3, 1.0
'2017-06-14 171845.63', 43.66005333333333, -79.39876166666667, 20.9, 109.6, 5.7, 1006.3, 1.0
'2017-06-14 171846.63', 43.660055, -79.39876333333333, 20.9, 131.4, 5.2, 1006.3, 1.0
'2017-06-14 171847.63', 43.66005666666667, -79.39876333333333, 20.9, 135.4, 3.6, 1006.3, 1.0
'2017-06-14 171848.63', 43.66006, -79.398765, 21.0, 134.5, 3.1, 1006.4, 1.0
'2017-06-14 171849.63', 43.660061666666664, -79.398765, 21.0, 137.8, 3.9, 1006.1999999999999, 1.0
'2017-06-14 171850.63', 43.660061666666664, -79.39876666666666, 21.0, 125.6, 2.8, 1006.4, 1.0
'2017-06-14 171851.63', 43.66006333333333, -79.39876666666666, 21.0, 123.2, 2.7, 1006.3, 1.0
'2017-06-14 171852.63', 43.660065, -79.39876666666666, 21.0, 113.0, 3.1, 1006.1999999999999, 1.0
'2017-06-14 171853.63', 43.660066666666665, -79.39876666666666, 21.0, 99.0, 4.2, 1006.3, 1.0
'2017-06-14 171854.63', 43.660066666666665, -79.39876833333334, 21.0, 116.8, 3.8, 1006.1999999999999, 1.0
'2017-06-14 171855.63', 43.66007, -79.39876833333334, 21.1, 102.0, 4.3, 1006.3, 1.1
'2017-06-14 171856.63', 43.66007166666667, -79.39876833333334, 21.1, 102.0, 4.7, 1006.4, 1.1
'2017-06-14 171857.63', 43.66007333333334, -79.39876666666666, 21.1, 113.1, 4.9, 1006.4, 1.1
'2017-06-14 171858.63', 43.660075, -79.39876833333334, 21.1, 117.4, 5.1, 1006.4, 1.1
'2017-06-14 171859.63', 43.66007833333333, -79.39876833333334, 21.0, 111.6, 6.0, 1006.3, 1.1
'2017-06-14 171900.63', 43.66008, -79.39876833333334, 20.9, 104.6, 6.6, 1006.3, 1.6
'2017-06-14 171901.63', 43.66008333333333, -79.39876833333334, 20.9, 104.1, 7.6, 1006.3, 1.0
'2017-06-14 171902.63', 43.660085, -79.39877, 20.9, 118.6, 6.2, 1006.1999999999999, 1.0
'2017-06-14 171903.63', 43.660086666666665, -79.39877, 20.9, 104.6, 5.2, 1006.4, 1.0
'2017-06-14 171904.63', 43.660088333333334, -79.39877, 20.9, 109.6, 5.0, 1006.3, 0.9
'2017-06-14 171905.63', 43.66009, -79.39877166666666, 20.9, 122.3, 4.9, 1006.3, 0.9
'2017-06-14 171906.63', 43.66009, -79.39877166666666, 20.9, 107.9, 5.7, 1006.4, 0.9
'2017-06-14 171907.63', 43.660091666666666, -79.39877166666666, 20.8, 108.8, 6.4, 1006.3, 0.9
'2017-06-14 171908.63', 43.660093333333336, -79.39877333333334, 20.8, 104.5, 5.8, 1006.3, 0.9
'2017-06-14 171909.63', 43.660093333333336, -79.39877333333334, 20.8, 104.2, 5.6, 1006.3, 0.9
'2017-06-14 171910.63', 43.660095, -79.398775, 20.8, 107.0, 6.4, 1006.1999999999999, 0.9
'2017-06-14 171911.63', 43.660095, -79.39877666666666, 20.8, 114.6, 5.5, 1006.3, 0.9
'2017-06-14 171912.63', 43.66009666666667, -79.39877666666666, 20.8, 118.9, 5.5, 1006.1999999999999, 0.9
'2017-06-14 171913.63', 43.66009666666667, -79.39877666666666, 20.8, 114.8, 5.7, 1006.3, 0.9
'2017-06-14 171914.63', 43.66009833333333, -79.39877666666666, 20.8, 108.3, 5.3, 1006.3, 0.9
'2017-06-14 171915.63', 43.66009833333333, -79.39877666666666, 20.8, 115.8, 4.8, 1006.1999999999999, 0.9
'2017-06-14 171916.63', 43.6601, -79.39877666666666, 20.8, 128.3, 5.3, 1006.3, 0.9
'2017-06-14 171917.63', 43.6601, -79.39877666666666, 20.8, 122.7, 5.7, 1006.1999999999999, 0.9
'2017-06-14 171918.63', 43.6601, -79.39877666666666, 20.8, 139.8, 5.1, 1006.3, 0.9
'2017-06-14 171919.63', 43.66010166666667, -79.39877833333334, 20.8, 125.6, 4.9, 1006.1999999999999, 0.9
'2017-06-14 171920.63', 43.66010333333333, -79.39877833333334, 20.8, 111.7, 5.1, 1006.3, 0.9
'2017-06-14 171921.63', 43.66010333333333, -79.39877833333334, 20.8, 104.5, 4.4, 1006.3, 0.9
'2017-06-14 171922.63', 43.660105, -79.39877666666666, 20.8, 109.1, 4.7, 1006.3, 0.9
'2017-06-14 171923.63', 43.660106666666664, -79.39877666666666, 20.8, 101.2, 4.1, 1006.3, 0.9
'2017-06-14 171924.63', 43.66011, -79.39877666666666, 20.8, 101.2, 5.0, 1006.3, 1.0
'2017-06-14 171925.63', 43.660111666666666, -79.398775, 20.8, 108.4, 3.4, 1006.3, 1.0
'2017-06-14 171926.63', 43.660113333333335, -79.398775, 20.9, 99.0, 5.1, 1006.3, 1.0
'2017-06-14 171927.63', 43.660115, -79.39877333333334, 20.9, 104.2, 5.6, 1006.1999999999999, 0.9
'2017-06-14 171928.63', 43.66011833333334, -79.39877333333334, 20.8, 98.9, 6.3, 1006.4, 1.0
'2017-06-14 171929.63', 43.66012, -79.39877166666666, 20.8, 94.9, 7.7, 1006.3, 1.0
'2017-06-14 171930.63', 43.66012166666667, -79.39877166666666, 20.8, 96.4, 6.3, 1006.3, 1.0
'2017-06-14 171931.63', 43.66012333333333, -79.39877, 20.8, 91.4, 6.9, 1006.1999999999999, 1.0
'2017-06-14 171932.63', 43.660125, -79.39877, 20.8, 96.5, 7.0, 1006.4, 1.0
'2017-06-14 171933.63', 43.66012666666666, -79.39877, 20.8, 100.4, 6.0, 1006.3, 1.0
'2017-06-14 171934.63', 43.66012833333333, -79.39877, 20.8, 97.1, 5.6, 1006.4, 1.0
'2017-06-14 171935.63', 43.66013, -79.39877, 20.8, 103.6, 5.7, 1006.4, 0.9
'2017-06-14 171936.63', 43.660131666666665, -79.39877, 20.8, 96.2, 6.5, 1006.4, 0.9
'2017-06-14 171937.63', 43.660131666666665, -79.39877, 20.8, 96.8, 6.3, 1006.3, 0.9
'2017-06-14 171938.63', 43.660133333333334, -79.39877, 20.8, 100.5, 5.9, 1006.3, 0.9
'2017-06-14 171939.63', 43.660135, -79.39877166666666, 20.8, 99.4, 5.8, 1006.3, 1.0
'2017-06-14 171940.63', 43.660136666666666, -79.39877166666666, 20.8, 98.9, 5.6, 1006.4, 1.0
'2017-06-14 171941.63', 43.660136666666666, -79.39877166666666, 20.8, 117.1, 5.7, 1006.1999999999999, 1.0
'2017-06-14 171942.63', 43.660138333333336, -79.39877333333334, 20.8, 110.2, 6.0, 1006.3, 1.0
'2017-06-14 171943.63', 43.66014, -79.39877333333334, 20.8, 111.7, 6.2, 1006.3, 1.0
'2017-06-14 171944.63', 43.66014166666667, -79.39877333333334, 20.7, 84.0, 5.5, 1006.3, 0.9
'2017-06-14 171945.63', 43.66014166666667, -79.39877333333334, 20.7, 78.3, 4.9, 1006.3, 1.0
'2017-06-14 171946.63', 43.66014333333333, -79.39877333333334, 20.7, 73.4, 4.9, 1006.3, 1.0
'2017-06-14 171947.63', 43.66014333333333, -79.398775, 20.7, 90.8, 8.0, 1006.3, 0.9
'2017-06-14 171948.63', 43.660145, -79.398775, 20.7, 108.0, 7.6, 1006.4, 0.9
'2017-06-14 171949.63', 43.660145, -79.398775, 20.7, 115.1, 7.0, 1006.3, 0.9
'2017-06-14 171950.63', 43.66014666666667, -79.398775, 20.7, 118.2, 7.1, 1006.4, 0.9
'2017-06-14 171951.63', 43.66014666666667, -79.398775, 20.7, 118.7, 6.7, 1006.4, 0.9
'2017-06-14 171952.63', 43.66014666666667, -79.398775, 20.7, 120.3, 6.5, 1006.4, 0.9
'2017-06-14 171953.63', 43.66014666666667, -79.398775, 20.7, 113.7, 7.0, 1006.4, 0.9
'2017-06-14 171954.63', 43.66014666666667, -79.39877333333334, 20.7, 102.3, 5.7, 1006.4, 0.9
'2017-06-14 171955.63', 43.66014666666667, -79.39877333333334, 20.7, 89.5, 5.7, 1006.3, 0.9
'2017-06-14 171956.63', 43.66014666666667, -79.39877333333334, 20.7, 95.3, 5.6, 1006.4, 0.9
'2017-06-14 171957.63', 43.66014666666667, -79.39877166666666, 20.7, 119.0, 5.6, 1006.4, 0.9
'2017-06-14 171958.63', 43.66014666666667, -79.39877166666666, 20.7, 113.7, 5.9, 1006.4, 0.9
'2017-06-14 171959.63', 43.66014666666667, -79.39877, 20.7, 96.5, 5.5, 1006.4, 0.9
'2017-06-14 172000.63', 43.66014666666667, -79.39877, 20.7, 109.2, 6.5, 1006.3, 0.9
'2017-06-14 172001.63', 43.66014666666667, -79.39876833333334, 20.7, 123.4, 6.9, 1006.3, 1.2
'2017-06-14 172002.63', 43.66014666666667, -79.39876666666666, 20.7, 122.2, 6.1, 1006.1999999999999, 1.2
'2017-06-14 172003.63', 43.66014666666667, -79.39876666666666, 20.7, 101.2, 5.9, 1006.3, 1.2
'2017-06-14 172004.63', 43.66014666666667, -79.398765, 20.7, 119.2, 5.4, 1006.4, 0.9
'2017-06-14 172005.63', 43.66014666666667, -79.39876333333333, 20.7, 118.3, 5.5, 1006.4, 0.9
'2017-06-14 172006.63', 43.66014833333333, -79.39876333333333, 20.6, 148.3, 4.2, 1006.3, 1.2
'2017-06-14 172007.63', 43.66014833333333, -79.39876166666667, 20.6, 143.0, 6.0, 1006.1999999999999, 0.9
'2017-06-14 172008.63', 43.66015, -79.39876, 20.6, 112.3, 7.5, 1006.3, 1.0
'2017-06-14 172009.63', 43.660151666666664, -79.39875666666667, 20.5, 103.5, 7.0, 1006.1999999999999, 1.3
'2017-06-14 172010.63', 43.660153333333334, -79.39875666666667, 20.5, 98.1, 6.6, 1006.1999999999999, 1.3
'2017-06-14 172011.63', 43.660153333333334, -79.398755, 20.5, 99.0, 6.6, 1006.3, 1.3
'2017-06-14 172012.63', 43.660155, -79.398755, 20.5, 102.6, 6.3, 1006.3, 1.1
'2017-06-14 172013.63', 43.660155, -79.39875333333333, 20.5, 103.5, 6.3, 1006.1999999999999, 1.1
'2017-06-14 172014.63', 43.660155, -79.39875166666667, 20.5, 106.5, 7.4, 1006.4, 1.1
'2017-06-14 172015.63', 43.660156666666666, -79.39875166666667, 20.5, 102.4, 6.4, 1006.3, 1.1
'2017-06-14 172016.63', 43.660158333333335, -79.39875166666667, 20.5, 102.4, 6.9, 1006.3, 1.1
'2017-06-14 172017.63', 43.660158333333335, -79.39875, 20.5, 113.5, 5.9, 1006.0, 1.1
'2017-06-14 172018.63', 43.660158333333335, -79.39875, 20.5, 101.0, 5.9, 1006.3, 1.1
'2017-06-14 172019.63', 43.66016, -79.39874833333333, 20.5, 100.7, 5.4, 1006.1999999999999, 1.1
'2017-06-14 172020.63', 43.66016, -79.39874833333333, 20.5, 103.0, 5.5, 1006.3, 1.1
'2017-06-14 172021.63', 43.66016, -79.39874666666667, 20.5, 101.1, 5.6, 1006.1999999999999, 0.9
'2017-06-14 172022.63', 43.66016166666667, -79.39874666666667, 20.5, 111.2, 5.6, 1006.1999999999999, 0.9
'2017-06-14 172023.63', 43.66016166666667, -79.39874666666667, 20.5, 113.2, 5.1, 1006.1999999999999, 0.9
'2017-06-14 172024.63', 43.66016166666667, -79.398745, 20.5, 111.0, 4.9, 1006.1999999999999, 0.9
'2017-06-14 172025.63', 43.66016333333334, -79.39874333333333, 20.5, 111.8, 4.9, 1006.1999999999999, 0.9
'2017-06-14 172026.63', 43.66016333333334, -79.39874166666667, 20.5, 112.2, 5.8, 1006.3, 0.9
'2017-06-14 172027.63', 43.66016333333334, -79.39874, 20.5, 108.5, 4.9, 1006.3, 0.9
'2017-06-14 172028.63', 43.66016333333334, -79.39873833333333, 20.5, 98.1, 5.5, 1006.3, 0.9
'2017-06-14 172029.63', 43.660165, -79.39873833333333, 20.5, 102.9, 5.6, 1006.1999999999999, 0.9
'2017-06-14 172030.63', 43.660165, -79.39873666666666, 20.5, 101.0, 5.7, 1006.3, 0.9
'2017-06-14 172031.63', 43.66016666666667, -79.39873666666666, 20.5, 102.7, 6.8, 1006.4, 0.9
'2017-06-14 172032.63', 43.66016666666667, -79.398735, 20.5, 99.6, 6.5, 1006.1999999999999, 0.9
'2017-06-14 172033.63', 43.66016833333333, -79.398735, 20.5, 96.2, 7.6, 1006.3, 0.9
'2017-06-14 172034.63', 43.66017, -79.398735, 20.5, 102.7, 7.5, 1006.3, 0.9
'2017-06-14 172035.63', 43.66017, -79.398735, 20.4, 104.3, 7.6, 1006.3, 0.9
'2017-06-14 172036.63', 43.66017166666666, -79.39873666666666, 20.4, 102.0, 7.6, 1006.1999999999999, 0.9
'2017-06-14 172037.63', 43.66017333333333, -79.39873666666666, 20.4, 103.2, 6.5, 1006.1999999999999, 0.9
'2017-06-14 172038.63', 43.66017333333333, -79.39873833333333, 20.4, 117.8, 6.1, 1006.3, 0.9
'2017-06-14 172039.63', 43.660175, -79.39873833333333, 20.4, 120.2, 6.4, 1006.3, 0.9
'2017-06-14 172040.63', 43.660175, -79.39873833333333, 20.4, 126.3, 6.3, 1006.3, 0.9
'2017-06-14 172041.63', 43.660176666666665, -79.39873833333333, 20.4, 130.5, 6.1, 1006.1999999999999, 0.9
'2017-06-14 172042.63', 43.660178333333334, -79.39873666666666, 20.4, 114.4, 4.8, 1006.1999999999999, 1.1
'2017-06-14 172043.63', 43.660178333333334, -79.39873666666666, 20.4, 107.8, 5.0, 1006.1999999999999, 1.1
'2017-06-14 172044.63', 43.66018, -79.39873666666666, 20.4, 89.6, 4.4, 1006.3, 0.9
'2017-06-14 172045.63', 43.660181666666666, -79.398735, 20.4, 94.5, 4.3, 1006.1999999999999, 0.9
'2017-06-14 172046.63', 43.660183333333336, -79.398735, 20.4, 95.4, 5.2, 1006.3, 0.9
'2017-06-14 172047.63', 43.660185, -79.39873333333334, 20.4, 97.3, 5.5, 1006.1999999999999, 0.9
'2017-06-14 172048.63', 43.660185, -79.39873333333334, 20.4, 103.7, 5.7, 1006.1999999999999, 0.9
'2017-06-14 172049.63', 43.660185, -79.39873333333334, 20.4, 96.0, 5.7, 1006.1999999999999, 0.9
'2017-06-14 172050.63', 43.66018666666667, -79.39873333333334, 20.4, 93.9, 6.6, 1006.1999999999999, 0.9
'2017-06-14 172051.63', 43.66018666666667, -79.39873333333334, 20.4, 94.5, 6.5, 1006.4, 1.0
'2017-06-14 172052.63', 43.66018666666667, -79.39873333333334, 20.4, 97.9, 6.7, 1006.3, 1.0
'2017-06-14 172053.63', 43.66018666666667, -79.39873333333334, 20.4, 91.3, 5.8, 1006.4, 1.0
'2017-06-14 172054.63', 43.66018666666667, -79.39873333333334, 20.4, 102.2, 5.6, 1006.1999999999999, 0.9
'2017-06-14 172055.63', 43.66018666666667, -79.39873333333334, 20.4, 117.9, 5.2, 1006.3, 0.9
'2017-06-14 172056.63', 43.66018833333333, -79.39873333333334, 20.4, 118.0, 4.7, 1006.3, 0.9
'2017-06-14 172057.63', 43.66018833333333, -79.39873333333334, 20.5, 110.0, 3.9, 1006.3, 0.9
'2017-06-14 172058.63', 43.66018833333333, -79.39873333333334, 20.5, 98.1, 5.1, 1006.3, 1.1
'2017-06-14 172059.63', 43.66018833333333, -79.39873333333334, 20.5, 100.7, 4.8, 1006.3, 0.9
'2017-06-14 172100.63', 43.66019, -79.39873333333334, 20.5, 100.9, 4.2, 1006.3, 0.9
'2017-06-14 172101.63', 43.66019, -79.39873333333334, 20.5, 87.7, 4.8, 1006.3, 0.9
'2017-06-14 172102.63', 43.66019166666667, -79.39873333333334, 20.5, 92.6, 5.3, 1006.3, 0.9
'2017-06-14 172103.63', 43.66019166666667, -79.39873333333334, 20.5, 99.6, 5.5, 1006.3, 0.9
'2017-06-14 172104.63', 43.66019333333333, -79.39873166666666, 20.5, 96.7, 6.5, 1006.3, 1.0
'2017-06-14 172105.63', 43.66019333333333, -79.39873, 20.4, 91.7, 7.3, 1006.3, 1.0
'2017-06-14 172106.63', 43.660195, -79.39873, 20.4, 86.3, 6.9, 1006.3, 1.0
'2017-06-14 172107.63', 43.660195, -79.39872833333334, 20.4, 102.9, 7.1, 1006.3, 1.1
'2017-06-14 172108.63', 43.660196666666664, -79.39872833333334, 20.4, 108.1, 6.9, 1006.4, 1.0
'2017-06-14 172109.63', 43.660198333333334, -79.39872666666666, 20.4, 110.6, 6.4, 1006.4, 1.0
'2017-06-14 172110.63', 43.660198333333334, -79.39872666666666, 20.4, 93.0, 4.7, 1006.4, 1.0
'2017-06-14 172111.63', 43.6602, -79.398725, 20.4, 129.4, 4.7, 1006.4, 1.1
'2017-06-14 172112.63', 43.6602, -79.39872333333334, 20.4, 123.9, 4.5, 1006.3, 0.9
'2017-06-14 172113.63', 43.660201666666666, -79.39872333333334, 20.4, 117.4, 4.1, 1006.4, 0.9
'2017-06-14 172114.63', 43.660203333333335, -79.39872166666666, 20.4, 116.1, 4.1, 1006.4, 0.9
'2017-06-14 172115.63', 43.660205, -79.39872166666666, 20.4, 118.2, 4.2, 1006.3, 1.1
'2017-06-14 172116.63', 43.660205, -79.39872, 20.5, 120.7, 4.4, 1006.3, 1.1
'2017-06-14 172117.63', 43.66020666666667, -79.39872, 20.5, 117.5, 5.0, 1006.4, 1.1
'2017-06-14 172118.63', 43.66020666666667, -79.39872, 20.5, 109.1, 5.1, 1006.4, 1.1
'2017-06-14 172119.63', 43.66020666666667, -79.39871833333333, 20.5, 96.8, 4.7, 1006.3, 1.1
'2017-06-14 172120.63', 43.66020833333333, -79.39871666666667, 20.4, 106.8, 4.6, 1006.3, 1.1
'2017-06-14 172121.63', 43.66020833333333, -79.39871666666667, 20.4, 94.7, 4.0, 1006.4, 0.9
'2017-06-14 172122.63', 43.66020833333333, -79.398715, 20.4, 91.7, 3.7, 1006.4, 1.3
'2017-06-14 172123.63', 43.66020833333333, -79.398715, 20.4, 89.0, 3.9, 1006.3, 1.1
'2017-06-14 172124.63', 43.66021, -79.39871333333333, 20.4, 91.4, 4.4, 1006.4, 1.1
'2017-06-14 172125.63', 43.66021, -79.39871166666667, 20.4, 92.1, 4.7, 1006.3, 1.1
'2017-06-14 172126.63', 43.66021, -79.39871, 20.4, 100.4, 4.6, 1006.3, 0.9
'2017-06-14 172127.63', 43.66021, -79.39871, 20.4, 116.5, 4.9, 1006.4, 0.9
'2017-06-14 172128.63', 43.66021, -79.39870833333333, 20.4, 115.4, 4.1, 1006.3, 1.1
'2017-06-14 172129.63', 43.66021, -79.39870833333333, 20.4, 130.9, 3.3, 1006.3, 0.9
'2017-06-14 172130.63', 43.66021, -79.39870833333333, 20.5, 136.8, 3.1, 1006.4, 0.9
'2017-06-14 172131.63', 43.66021, -79.39870833333333, 20.5, 120.5, 2.7, 1006.3, 0.9
'2017-06-14 172132.63', 43.66021, -79.39871, 20.5, 131.0, 3.1, 1006.3, 0.9
'2017-06-14 172133.63', 43.66021, -79.39871, 20.5, 127.2, 3.0, 1006.3, 0.9
'2017-06-14 172134.63', 43.66021, -79.39871, 20.5, 129.5, 2.5, 1006.4, 0.9
'2017-06-14 172135.63', 43.66021, -79.39871166666667, 20.6, 119.6, 2.1, 1006.4, 0.9
'2017-06-14 172136.63', 43.66021166666667, -79.39871333333333, 20.6, 116.4, 3.0, 1006.4, 1.0
'2017-06-14 172137.63', 43.66021166666667, -79.398715, 20.6, 115.3, 2.7, 1006.4, 1.0
'2017-06-14 172138.63', 43.66021166666667, -79.398715, 20.6, 106.5, 2.5, 1006.4, 1.0
'2017-06-14 172139.63', 43.66021166666667, -79.39871666666667, 20.6, 117.5, 2.8, 1006.4, 1.0
'2017-06-14 172140.63', 43.66021333333333, -79.39871833333333, 20.6, 123.5, 2.8, 1006.4, 1.0
'2017-06-14 172141.63', 43.66021333333333, -79.39872, 20.6, 121.7, 2.6, 1006.4, 1.0
'2017-06-14 172142.63', 43.660215, -79.39872166666666, 20.6, 113.4, 2.1, 1006.4, 1.0
'2017-06-14 172143.63', 43.66021666666666, -79.39872333333334, 20.6, 115.0, 3.0, 1006.4, 1.0
'2017-06-14 172144.63', 43.66021666666666, -79.398725, 20.6, 98.8, 2.1, 1006.4, 1.0
'2017-06-14 172145.63', 43.66021666666666, -79.39872666666666, 20.6, 181.0, 2.0, 1006.4, 0.9
'2017-06-14 172146.63', 43.66021833333333, -79.39872833333334, 20.6, 155.4, 1.5, 1006.4, 0.9
'2017-06-14 172147.63', 43.66021833333333, -79.39873, 20.6, 116.2, 1.9, 1006.4, 0.9
'2017-06-14 172148.63', 43.66021833333333, -79.39873, 20.6, 115.4, 2.9, 1006.3, 1.0
'2017-06-14 172149.63', 43.66022, -79.39873, 20.6, 112.7, 1.8, 1006.4, 1.0
'2017-06-14 172150.63', 43.66022, -79.39873, 20.6, 109.7, 1.9, 1006.5, 1.0
'2017-06-14 172151.63', 43.660221666666665, -79.39872833333334, 20.7, 107.8, 1.4, 1006.4, 0.9
'2017-06-14 172152.63', 43.660221666666665, -79.39872833333334, 20.7, 115.8, 1.1, 1006.4, 0.9
'2017-06-14 172153.63', 43.66022, -79.39872833333334, 20.7, 131.3, 1.9, 1006.4, 0.9
'2017-06-14 172154.63', 43.66022, -79.39872833333334, 20.7, 130.2, 1.8, 1006.5, 0.9
'2017-06-14 172155.63', 43.66022, -79.39872666666666, 20.7, 121.1, 1.4, 1006.4, 0.9
'2017-06-14 172156.63', 43.66022, -79.39872666666666, 20.7, 120.6, 1.4, 1006.4, 0.9
'2017-06-14 172157.63', 43.66022, -79.39872666666666, 20.7, 118.3, 2.3, 1006.4, 0.9
'2017-06-14 172158.63', 43.66022, -79.39872666666666, 20.7, 110.1, 1.9, 1006.5, 0.9
'2017-06-14 172159.63', 43.66022, -79.39872666666666, 20.7, 111.5, 1.2, 1006.3, 0.9
'2017-06-14 172200.63', 43.66022, -79.39872666666666, 20.7, 74.2, 1.1, 1006.4, 0.9
'2017-06-14 172201.63', 43.66022, -79.39872666666666, 20.7, 61.2, 1.1, 1006.4, 0.9
'2017-06-14 172202.63', 43.66021833333333, -79.398725, 20.7, 52.3, 1.4, 1006.4, 0.9
'2017-06-14 172203.63', 43.66021833333333, -79.39872666666666, 20.7, 64.5, 1.6, 1006.4, 0.9
'2017-06-14 172204.63', 43.66021666666666, -79.39872666666666, 20.7, 74.5, 2.0, 1006.4, 0.9
'2017-06-14 172205.63', 43.66021666666666, -79.39872666666666, 20.7, 88.1, 1.8, 1006.4, 0.9
'2017-06-14 172206.63', 43.660215, -79.39872666666666, 20.7, 86.4, 1.6, 1006.5, 0.9
'2017-06-14 172207.63', 43.660215, -79.39872666666666, 20.7, 86.4, 1.6, 1006.4, 0.9
'2017-06-14 172208.63', 43.660215, -79.39872666666666, 20.7, 86.5, 1.5, 1006.4, 0.9
'2017-06-14 172209.63', 43.660215, -79.39872666666666, 20.8, 89.2, 1.4, 1006.4, 0.9
'2017-06-14 172210.63', 43.66021333333333, -79.39872666666666, 20.8, 73.8, 1.2, 1006.5, 0.9
'2017-06-14 172211.63', 43.660215, -79.39872666666666, 20.8, 91.1, 0.7, 1006.5, 0.9
'2017-06-14 172212.63', 43.66021333333333, -79.39872666666666, 20.8, 73.7, 0.7, 1006.4, 0.9
'2017-06-14 172213.63', 43.66021333333333, -79.39872666666666, 20.8, 97.0, 1.9, 1006.4, 0.9
'2017-06-14 172214.63', 43.66021333333333, -79.398725, 20.8, 77.0, 2.2, 1006.5, 0.9
'2017-06-14 172215.63', 43.66021333333333, -79.39872333333334, 20.8, 65.4, 2.8, 1006.5, 0.9
'2017-06-14 172216.63', 43.66021333333333, -79.39872333333334, 20.8, 82.7, 2.8, 1006.5, 0.9
'2017-06-14 172217.63', 43.66021333333333, -79.39872333333334, 20.8, 82.7, 3.2, 1006.5, 0.9
'2017-06-14 172218.63', 43.66021333333333, -79.39872166666666, 20.7, 93.7, 3.2, 1006.5, 0.9
'2017-06-14 172219.63', 43.66021333333333, -79.39872166666666, 20.7, 98.9, 3.4, 1006.5, 0.9
'2017-06-14 172220.63', 43.66021166666667, -79.39872166666666, 20.7, 104.8, 2.2, 1006.4, 0.9
'2017-06-14 172221.63', 43.66021166666667, -79.39872166666666, 20.7, 96.2, 2.2, 1006.4, 1.1
'2017-06-14 172222.63', 43.66021166666667, -79.39872333333334, 20.7, 78.2, 1.5, 1006.5, 0.9
'2017-06-14 172223.63', 43.66021166666667, -79.39872333333334, 20.7, 87.8, 2.9, 1006.5, 0.9
'2017-06-14 172224.63', 43.66021, -79.39872333333334, 20.7, 110.3, 2.3, 1006.5999999999999, 1.1
'2017-06-14 172225.63', 43.66021, -79.39872333333334, 20.7, 64.2, 2.5, 1006.5999999999999, 0.9
'2017-06-14 172226.63', 43.66021, -79.39872333333334, 20.7, 49.1, 2.2, 1006.5, 0.9
'2017-06-14 172227.63', 43.66021, -79.39872166666666, 20.7, 68.1, 2.6, 1006.5999999999999, 0.9
'2017-06-14 172228.63', 43.66021, -79.39872166666666, 20.7, 62.6, 2.4, 1006.5, 0.9
'2017-06-14 172229.63', 43.66021, -79.39872, 20.7, 56.0, 2.3, 1006.4, 0.9
'2017-06-14 172230.63', 43.66021166666667, -79.39871666666667, 20.8, 49.6, 1.9, 1006.5, 0.9
'2017-06-14 172231.63', 43.66021166666667, -79.39870666666667, 20.8, 52.8, 2.0, 1006.5, 0.9
'2017-06-14 172232.63', 43.66020833333333, -79.398695, 20.8, 69.9, 1.3, 1006.5999999999999, 0.9
'2017-06-14 172233.63', 43.66020666666667, -79.39868333333334, 20.8, 75.5, 1.5, 1006.5999999999999, 0.9
'2017-06-14 172234.63', 43.66020666666667, -79.398675, 20.9, 79.5, 1.8, 1006.5, 0.9
'2017-06-14 172235.63', 43.6602, -79.39867, 20.9, 85.5, 1.5, 1006.4, 0.9
'2017-06-14 172236.63', 43.660196666666664, -79.398665, 20.9, 70.1, 1.7, 1006.5, 0.9
'2017-06-14 172237.63', 43.660195, -79.39866166666667, 20.9, 91.3, 1.3, 1006.5999999999999, 0.9
'2017-06-14 172238.63', 43.66019333333333, -79.39865666666667, 20.9, 81.1, 1.7, 1006.5, 1.0
'2017-06-14 172239.63', 43.66019166666667, -79.39865666666667, 20.9, 66.7, 2.2, 1006.5, 0.9
'2017-06-14 172240.63', 43.66019, -79.398655, 20.9, 65.6, 2.4, 1006.5999999999999, 1.0
'2017-06-14 172241.63', 43.66019, -79.39865166666667, 20.9, 56.3, 2.1, 1006.5, 1.0
'2017-06-14 172242.63', 43.66018666666667, -79.39865166666667, 21.0, 41.1, 1.8, 1006.5, 0.9
'2017-06-14 172243.63', 43.660183333333336, -79.39865, 21.0, 22.6, 3.0, 1006.4, 0.9
'2017-06-14 172244.63', 43.660181666666666, -79.39864833333333, 20.9, 42.7, 4.0, 1006.5, 0.9
'2017-06-14 172245.63', 43.66018, -79.39864833333333, 20.9, 39.2, 3.7, 1006.5999999999999, 0.9
'2017-06-14 172246.63', 43.66018, -79.39864833333333, 20.9, 35.6, 3.0, 1006.5, 0.9
'2017-06-14 172247.63', 43.66018, -79.39864833333333, 20.9, 29.5, 2.5, 1006.5, 0.9
'2017-06-14 172248.63', 43.66018, -79.39864833333333, 20.9, 28.8, 3.9, 1006.6999999999999, 1.0
'2017-06-14 172249.63', 43.660181666666666, -79.39864666666666, 20.9, 26.1, 4.4, 1006.5, 0.9
'2017-06-14 172250.63', 43.660181666666666, -79.39864666666666, 20.9, 37.2, 3.4, 1006.5999999999999, 0.9
'2017-06-14 172251.63', 43.660183333333336, -79.398645, 20.9, 39.3, 3.4, 1006.5, 0.9
'2017-06-14 172252.63', 43.66018666666667, -79.39864333333334, 20.9, 49.7, 4.4, 1006.5, 0.9
'2017-06-14 172253.63', 43.66019166666667, -79.39864333333334, 20.9, 49.6, 4.7, 1006.5999999999999, 0.9
'2017-06-14 172254.63', 43.660196666666664, -79.39864166666666, 20.9, 37.2, 5.2, 1006.5, 0.9
'2017-06-14 172255.63', 43.660205, -79.39863666666666, 20.9, 50.8, 4.4, 1006.6999999999999, 0.9
'2017-06-14 172256.63', 43.66021, -79.39863166666666, 20.9, 34.0, 4.6, 1006.5, 0.9
'2017-06-14 172257.63', 43.66021666666666, -79.39862666666667, 20.9, 25.7, 4.3, 1006.6999999999999, 0.9
'2017-06-14 172258.63', 43.660221666666665, -79.39862333333333, 20.9, 27.5, 4.1, 1006.6999999999999, 0.9
'2017-06-14 172259.63', 43.660225, -79.39862, 20.9, 34.9, 4.9, 1006.5999999999999, 0.9
'2017-06-14 172300.63', 43.660228333333336, -79.39861666666667, 20.8, 32.4, 5.4, 1006.5, 0.9
'2017-06-14 172301.63', 43.660228333333336, -79.398615, 20.8, 14.1, 6.9, 1006.5, 0.9
'2017-06-14 172302.63', 43.66023166666667, -79.39861166666667, 20.7, 7.7, 7.4, 1006.5, 0.9
'2017-06-14 172303.63', 43.660235, -79.39860666666667, 20.6, 12.2, 8.4, 1006.5999999999999, 0.9
'2017-06-14 172304.63', 43.660235, -79.39860333333333, 20.6, 18.9, 4.5, 1006.5999999999999, 0.9
'2017-06-14 172305.63', 43.660235, -79.3986, 20.7, 33.5, 4.1, 1006.5, 1.3
'2017-06-14 172306.63', 43.66023666666667, -79.39859833333334, 20.8, 58.0, 2.8, 1006.5, 0.9
'2017-06-14 172307.63', 43.66024, -79.398595, 20.8, 99.4, 2.7, 1006.4, 0.9
'2017-06-14 172308.63', 43.660243333333334, -79.39859333333334, 20.8, 75.4, 2.4, 1006.5, 0.9
'2017-06-14 172309.63', 43.660243333333334, -79.39859, 20.8, 56.8, 2.5, 1006.5, 0.9
'2017-06-14 172310.63', 43.660246666666666, -79.39858833333334, 20.8, 48.2, 2.6, 1006.4, 0.9
'2017-06-14 172311.63', 43.660248333333335, -79.39858666666666, 20.9, 34.6, 2.5, 1006.5, 1.1
'2017-06-14 172312.63', 43.66025, -79.398585, 20.9, 24.0, 2.9, 1006.4, 1.1
'2017-06-14 172313.63', 43.66025166666667, -79.39858333333333, 20.9, 42.3, 2.0, 1006.4, 1.1
'2017-06-14 172314.63', 43.66025166666667, -79.39858166666667, 20.9, 22.7, 2.1, 1006.5, 1.1
'2017-06-14 172315.63', 43.66025166666667, -79.39858, 20.9, 13.4, 1.9, 1006.4, 1.1
'2017-06-14 172316.63', 43.66025166666667, -79.39858, 20.9, 349.7, 2.2, 1006.4, 0.9
'2017-06-14 172317.63', 43.66025166666667, -79.39858, 20.9, 10.4, 1.6, 1006.4, 1.1
'2017-06-14 172318.63', 43.66025, -79.39858, 20.9, 34.2, 2.0, 1006.4, 0.9
'2017-06-14 172319.63', 43.660248333333335, -79.39858, 21.0, 37.7, 2.4, 1006.4, 0.9
'2017-06-14 172320.63', 43.660248333333335, -79.39858166666667, 21.0, 52.1, 2.3, 1006.4, 0.9
'2017-06-14 172321.63', 43.660248333333335, -79.39858166666667, 21.0, 30.1, 4.1, 1006.4, 0.9
'2017-06-14 172322.63', 43.66025, -79.39858, 21.0, 49.4, 4.3, 1006.4, 0.9
'2017-06-14 172323.63', 43.66025, -79.39858, 20.9, 43.7, 4.7, 1006.5, 0.9
'2017-06-14 172324.63', 43.66025166666667, -79.39857833333333, 20.9, 34.9, 3.6, 1006.4, 0.9
'2017-06-14 172325.63', 43.66025166666667, -79.39857666666667, 20.9, 47.2, 4.8, 1006.5, 0.9
'2017-06-14 172326.63', 43.66025166666667, -79.398575, 20.9, 42.8, 5.4, 1006.4, 0.9
'2017-06-14 172327.63', 43.66025333333333, -79.39857166666667, 20.9, 25.5, 7.2, 1006.5, 0.9
'2017-06-14 172328.63', 43.66025166666667, -79.39857166666667, 20.8, 22.7, 7.8, 1006.5, 0.9
'2017-06-14 172329.63', 43.66025166666667, -79.39857, 20.7, 25.3, 8.6, 1006.4, 0.9
'2017-06-14 172330.63', 43.660248333333335, -79.39856833333333, 20.7, 37.6, 6.8, 1006.5, 0.9
'2017-06-14 172331.63', 43.660248333333335, -79.39856666666667, 20.7, 40.2, 5.2, 1006.5, 0.9
'2017-06-14 172332.63', 43.66025, -79.398565, 20.7, 38.8, 4.1, 1006.5, 0.9
'2017-06-14 172333.63', 43.66025166666667, -79.398565, 20.7, 34.1, 4.1, 1006.5, 0.9
'2017-06-14 172334.63', 43.66025333333333, -79.39856333333333, 20.7, 55.0, 3.5, 1006.5, 0.9
'2017-06-14 172335.63', 43.66025333333333, -79.39856333333333, 20.8, 44.4, 3.0, 1006.5, 0.9
'2017-06-14 172336.63', 43.66025333333333, -79.398565, 20.8, 41.2, 3.4, 1006.5999999999999, 0.9
'2017-06-14 172337.63', 43.66025333333333, -79.398565, 20.8, 35.8, 4.4, 1006.5, 0.9
'2017-06-14 172338.63', 43.66025166666667, -79.39856666666667, 20.8, 43.3, 4.7, 1006.5, 0.9
'2017-06-14 172339.63', 43.66025, -79.39856666666667, 20.8, 40.0, 6.1, 1006.5, 0.9
'2017-06-14 172340.63', 43.66025, -79.39856833333333, 20.8, 42.4, 5.6, 1006.4, 0.9
'2017-06-14 172341.63', 43.66025, -79.39856833333333, 20.8, 60.2, 4.2, 1006.5, 1.1
'2017-06-14 172342.63', 43.66025, -79.39856833333333, 20.8, 40.7, 3.4, 1006.5, 1.1
'2017-06-14 172343.63', 43.66025, -79.39856833333333, 20.8, 33.9, 5.7, 1006.5, 1.1
'2017-06-14 172344.63', 43.66025, -79.39856833333333, 20.8, 26.0, 4.8, 1006.4, 1.1
'2017-06-14 172345.63', 43.66025, -79.39856833333333, 20.8, 17.8, 5.0, 1006.4, 1.1
'2017-06-14 172346.63', 43.66025, -79.39856833333333, 20.8, 12.5, 4.0, 1006.4, 1.2
'2017-06-14 172347.63', 43.66025, -79.39856833333333, 20.8, 24.7, 4.1, 1006.4, 1.1
'2017-06-14 172348.63', 43.66025, -79.39857, 20.8, 40.4, 4.0, 1006.4, 1.1
'2017-06-14 172349.63', 43.660248333333335, -79.39857, 20.8, 38.5, 4.5, 1006.4, 1.1
'2017-06-14 172350.63', 43.660248333333335, -79.39857166666667, 20.8, 41.1, 6.4, 1006.5, 1.1
'2017-06-14 172351.63', 43.660246666666666, -79.39857333333333, 20.8, 47.4, 7.3, 1006.4, 0.9
'2017-06-14 172352.63', 43.660245, -79.39857333333333, 20.8, 26.2, 6.8, 1006.4, 0.9
'2017-06-14 172353.63', 43.660245, -79.398575, 20.7, 41.2, 6.7, 1006.4, 0.9
'2017-06-14 172354.63', 43.660245, -79.398575, 20.7, 34.9, 6.5, 1006.3, 1.1
'2017-06-14 172355.63', 43.660243333333334, -79.398575, 20.7, 41.8, 6.2, 1006.4, 1.1
'2017-06-14 172356.63', 43.660241666666664, -79.398575, 20.7, 51.4, 6.4, 1006.4, 1.1
'2017-06-14 172357.63', 43.660241666666664, -79.398575, 20.7, 48.5, 5.9, 1006.4, 0.9
'2017-06-14 172358.63', 43.660241666666664, -79.398575, 20.7, 41.3, 5.4, 1006.5, 1.0
'2017-06-14 172359.63', 43.660241666666664, -79.398575, 20.7, 35.6, 6.7, 1006.4, 1.0
'2017-06-14 172400.63', 43.660241666666664, -79.39857333333333, 20.7, 44.6, 6.5, 1006.5, 1.0
'2017-06-14 172401.63', 43.66024, -79.39857166666667, 20.7, 47.0, 5.4, 1006.4, 0.9
'2017-06-14 172402.63', 43.66024, -79.39857, 20.7, 25.3, 6.3, 1006.5, 0.9
'2017-06-14 172403.63', 43.66024, -79.39856833333333, 20.7, 38.4, 4.8, 1006.3, 0.9
'2017-06-14 172404.63', 43.66024, -79.39856666666667, 20.7, 59.6, 4.7, 1006.3, 0.9
'2017-06-14 172405.63', 43.66024, -79.398565, 20.7, 57.4, 2.6, 1006.4, 0.9
'2017-06-14 172406.63', 43.660241666666664, -79.39856333333333, 20.7, 37.8, 3.2, 1006.4, 0.9
'2017-06-14 172407.63', 43.660241666666664, -79.39856333333333, 20.7, 23.2, 3.1, 1006.4, 0.9
'2017-06-14 172408.63', 43.660241666666664, -79.39856333333333, 20.7, 51.7, 4.2, 1006.4, 0.9
'2017-06-14 172409.63', 43.660241666666664, -79.39856166666667, 20.7, 58.0, 3.8, 1006.3, 0.9
'2017-06-14 172410.63', 43.660243333333334, -79.39856166666667, 20.7, 53.2, 4.2, 1006.4, 0.9
'2017-06-14 172411.63', 43.660243333333334, -79.39856166666667, 20.7, 53.5, 5.1, 1006.3, 0.9
'2017-06-14 172412.63', 43.660243333333334, -79.39856, 20.7, 47.4, 3.3, 1006.4, 0.9
'2017-06-14 172413.63', 43.660243333333334, -79.39855833333333, 20.7, 49.2, 4.2, 1006.4, 0.9
'2017-06-14 172414.63', 43.660241666666664, -79.39855833333333, 20.7, 40.9, 5.5, 1006.5, 0.9
'2017-06-14 172415.63', 43.660241666666664, -79.39855666666666, 20.7, 50.3, 5.4, 1006.4, 0.9
'2017-06-14 172416.63', 43.660241666666664, -79.39855666666666, 20.7, 38.2, 4.6, 1006.4, 0.9
'2017-06-14 172417.63', 43.66024, -79.398555, 20.7, 39.7, 4.5, 1006.3, 0.9
'2017-06-14 172418.63', 43.66024, -79.398555, 20.7, 47.5, 4.6, 1006.4, 0.9
'2017-06-14 172419.63', 43.66024, -79.39855333333334, 20.7, 50.9, 4.1, 1006.4, 1.1
'2017-06-14 172420.63', 43.66024, -79.39855333333334, 20.7, 55.6, 3.7, 1006.4, 1.1
'2017-06-14 172421.63', 43.66024, -79.39855333333334, 20.7, 48.2, 3.6, 1006.3, 1.1
'2017-06-14 172422.63', 43.66024, -79.39855333333334, 20.7, 28.4, 4.4, 1006.4, 1.1
'2017-06-14 172423.63', 43.66024, -79.39855166666666, 20.7, 24.9, 3.9, 1006.4, 1.1
'2017-06-14 172424.63', 43.66024, -79.39855166666666, 20.8, 28.2, 3.3, 1006.4, 1.1
'2017-06-14 172425.63', 43.66024, -79.39855, 20.8, 19.5, 3.7, 1006.4, 1.1
'2017-06-14 172426.63', 43.66023833333333, -79.39855, 20.8, 31.2, 3.2, 1006.4, 0.9
'2017-06-14 172427.63', 43.66023833333333, -79.39855, 20.8, 58.3, 3.0, 1006.4, 0.9
'2017-06-14 172428.63', 43.66023833333333, -79.39854833333334, 20.8, 83.3, 1.7, 1006.4, 0.9
'2017-06-14 172429.63', 43.66023833333333, -79.39854833333334, 20.8, 41.5, 1.4, 1006.4, 0.9
'2017-06-14 172430.63', 43.66023833333333, -79.39854833333334, 20.9, 36.4, 2.1, 1006.5, 0.9
'2017-06-14 172431.63', 43.66023833333333, -79.39854666666666, 20.9, 35.8, 2.3, 1006.4, 0.9
'2017-06-14 172432.63', 43.66023666666667, -79.39854666666666, 20.9, 29.7, 2.7, 1006.4, 0.9
'2017-06-14 172433.63', 43.66023666666667, -79.39854666666666, 20.9, 50.1, 2.9, 1006.5, 0.9
'2017-06-14 172434.63', 43.66023666666667, -79.39854666666666, 20.9, 38.2, 2.8, 1006.5, 0.9
'2017-06-14 172435.63', 43.66023666666667, -79.398545, 20.9, 35.3, 3.4, 1006.4, 1.1
'2017-06-14 172436.63', 43.660235, -79.398545, 20.9, 39.9, 3.5, 1006.4, 0.9
'2017-06-14 172437.63', 43.660235, -79.398545, 20.9, 28.7, 4.0, 1006.4, 0.9
'2017-06-14 172438.63', 43.66023333333333, -79.398545, 20.9, 31.0, 4.2, 1006.4, 0.9
'2017-06-14 172439.63', 43.66023333333333, -79.398545, 20.9, 35.6, 2.9, 1006.4, 0.9
'2017-06-14 172440.63', 43.66023166666667, -79.398545, 20.9, 35.2, 2.8, 1006.4, 0.9
'2017-06-14 172441.63', 43.66023166666667, -79.398545, 20.9, 41.7, 2.7, 1006.4, 0.9
'2017-06-14 172442.63', 43.66023166666667, -79.39854333333334, 20.9, 36.8, 3.0, 1006.4, 0.9
'2017-06-14 172443.63', 43.66023166666667, -79.39854333333334, 20.9, 46.4, 4.2, 1006.4, 0.9
'2017-06-14 172444.63', 43.66023166666667, -79.39854166666667, 20.9, 58.3, 4.1, 1006.4, 1.1
'2017-06-14 172445.63', 43.66023166666667, -79.39854, 20.9, 52.9, 3.4, 1006.4, 0.9
'2017-06-14 172446.63', 43.66023166666667, -79.39853833333333, 20.9, 55.5, 3.2, 1006.5, 1.1
'2017-06-14 172447.63', 43.66023166666667, -79.39853666666667, 20.9, 61.7, 3.5, 1006.4, 1.1
'2017-06-14 172448.63', 43.66023166666667, -79.398535, 20.9, 65.4, 2.9, 1006.5, 1.1
'2017-06-14 172449.63', 43.66023166666667, -79.39853333333333, 20.9, 59.9, 3.8, 1006.5, 0.9
'2017-06-14 172450.63', 43.66023166666667, -79.39853166666667, 20.9, 67.6, 4.1, 1006.4, 0.9
'2017-06-14 172451.63', 43.66023166666667, -79.39853, 20.9, 75.8, 4.1, 1006.4, 1.1
'2017-06-14 172452.63', 43.66023, -79.39852833333333, 20.9, 69.4, 4.0, 1006.5, 0.9
'2017-06-14 172453.63', 43.66023166666667, -79.39852666666667, 20.9, 79.0, 3.9, 1006.5, 0.9
'2017-06-14 172454.63', 43.66023166666667, -79.398525, 20.9, 72.6, 4.8, 1006.4, 0.9
'2017-06-14 172455.63', 43.66023166666667, -79.39852333333333, 20.9, 68.1, 3.9, 1006.4, 0.9
'2017-06-14 172456.63', 43.66023166666667, -79.39852333333333, 20.9, 52.0, 4.9, 1006.5, 0.9
'2017-06-14 172457.63', 43.66023, -79.39852166666667, 20.9, 48.0, 5.5, 1006.4, 0.9
'2017-06-14 172458.63', 43.66023, -79.39852166666667, 20.9, 47.0, 5.6, 1006.4, 0.9
'2017-06-14 172459.63', 43.66023166666667, -79.39852, 20.9, 36.5, 6.4, 1006.5, 0.9
'2017-06-14 172500.63', 43.66023166666667, -79.39851833333333, 20.9, 29.7, 5.0, 1006.4, 0.9
'2017-06-14 172501.63', 43.66023, -79.39851666666667, 20.9, 35.6, 5.1, 1006.5, 0.9
'2017-06-14 172502.63', 43.66023, -79.398515, 20.9, 49.5, 4.7, 1006.4, 0.9
'2017-06-14 172503.63', 43.66023, -79.39851333333333, 20.8, 32.8, 4.2, 1006.4, 0.9
'2017-06-14 172504.63', 43.66023, -79.39851166666666, 20.8, 35.7, 5.7, 1006.4, 0.9
'2017-06-14 172505.63', 43.66023, -79.39851166666666, 20.8, 29.1, 4.8, 1006.4, 0.9
'2017-06-14 172506.63', 43.66023, -79.39851, 20.8, 31.6, 5.8, 1006.5, 0.9
'2017-06-14 172507.63', 43.66023, -79.39851, 20.8, 31.3, 5.1, 1006.5, 0.9
'2017-06-14 172508.63', 43.66023, -79.39850833333334, 20.8, 23.7, 3.5, 1006.4, 0.9
'2017-06-14 172509.63', 43.66023, -79.39850666666666, 20.8, 25.2, 3.9, 1006.4, 1.1
'2017-06-14 172510.63', 43.660228333333336, -79.39850666666666, 20.8, 43.7, 4.7, 1006.5, 1.1
'2017-06-14 172511.63', 43.66022666666667, -79.39850666666666, 20.8, 37.3, 5.5, 1006.3, 1.1
'2017-06-14 172512.63', 43.66022666666667, -79.398505, 20.8, 45.4, 4.7, 1006.5, 1.1
'2017-06-14 172513.63', 43.660225, -79.39850333333334, 20.8, 44.5, 4.5, 1006.4, 0.9
'2017-06-14 172514.63', 43.660225, -79.39850166666666, 20.8, 47.8, 4.7, 1006.4, 0.9
'2017-06-14 172515.63', 43.660225, -79.3985, 20.8, 52.7, 4.4, 1006.4, 0.9
'2017-06-14 172516.63', 43.660225, -79.39849833333334, 20.8, 52.3, 4.0, 1006.5, 0.9
'2017-06-14 172517.63', 43.660223333333334, -79.39849666666667, 20.8, 61.8, 4.4, 1006.5, 0.9
'2017-06-14 172518.63', 43.660223333333334, -79.398495, 20.8, 67.8, 4.9, 1006.4, 0.9
'2017-06-14 172519.63', 43.660221666666665, -79.398495, 20.8, 76.3, 5.6, 1006.5, 0.9
'2017-06-14 172520.63', 43.66022, -79.398495, 20.8, 96.7, 5.4, 1006.4, 0.9
'2017-06-14 172521.63', 43.66022, -79.39849333333333, 20.8, 38.5, 3.3, 1006.4, 0.9
'2017-06-14 172522.63', 43.66022, -79.39849333333333, 20.8, 29.6, 2.1, 1006.3, 0.9
'2017-06-14 172523.63', 43.66022, -79.39849166666667, 20.8, 84.5, 3.0, 1006.5, 0.9
'2017-06-14 172524.63', 43.66022, -79.39849, 20.9, 30.0, 1.4, 1006.4, 0.9
'2017-06-14 172525.63', 43.660221666666665, -79.39849, 20.9, 96.1, 1.9, 1006.4, 0.9
'2017-06-14 172526.63', 43.660221666666665, -79.39848833333333, 20.9, 118.0, 1.6, 1006.5, 1.1
'2017-06-14 172527.63', 43.660221666666665, -79.39848666666667, 20.9, 145.8, 1.5, 1006.4, 1.1
'2017-06-14 172528.63', 43.660221666666665, -79.39848666666667, 20.9, 100.2, 1.9, 1006.4, 1.1
'2017-06-14 172529.63', 43.660221666666665, -79.398485, 20.9, 76.8, 3.0, 1006.4, 0.9
'2017-06-14 172530.63', 43.660223333333334, -79.39848333333333, 20.9, 45.4, 4.1, 1006.5, 1.1
'2017-06-14 172531.63', 43.660223333333334, -79.39848333333333, 20.9, 42.9, 3.4, 1006.4, 0.9
'2017-06-14 172532.63', 43.660223333333334, -79.39848333333333, 20.9, 24.0, 3.5, 1006.5, 0.9
'2017-06-14 172533.63', 43.660223333333334, -79.39848166666667, 20.9, 38.7, 3.6, 1006.4, 0.9
'2017-06-14 172534.63', 43.660223333333334, -79.39848166666667, 20.9, 36.7, 4.4, 1006.4, 0.9
'2017-06-14 172535.63', 43.660223333333334, -79.39848, 20.9, 40.2, 3.8, 1006.5, 0.9
'2017-06-14 172536.63', 43.660223333333334, -79.39848, 20.9, 35.6, 4.3, 1006.4, 0.9
'2017-06-14 172537.63', 43.660225, -79.39847833333333, 20.9, 43.1, 5.6, 1006.5, 0.9
'2017-06-14 172538.63', 43.660223333333334, -79.39847833333333, 20.8, 31.3, 4.9, 1006.5, 0.9
'2017-06-14 172539.63', 43.660223333333334, -79.39847833333333, 20.8, 55.3, 3.6, 1006.4, 0.9
'2017-06-14 172540.63', 43.660223333333334, -79.39847833333333, 20.9, 50.5, 2.8, 1006.4, 0.9
'2017-06-14 172541.63', 43.660223333333334, -79.39847833333333, 20.9, 55.4, 2.0, 1006.5, 0.9
'2017-06-14 172542.63', 43.660223333333334, -79.39847833333333, 20.9, 55.5, 4.1, 1006.5, 0.9
'2017-06-14 172543.63', 43.660223333333334, -79.39848, 20.9, 64.8, 4.0, 1006.4, 0.9
'2017-06-14 172544.63', 43.660223333333334, -79.39848, 20.9, 17.4, 2.8, 1006.4, 0.9
'2017-06-14 172545.63', 43.660223333333334, -79.39848, 20.9, 42.3, 3.3, 1006.4, 0.9
'2017-06-14 172546.63', 43.660223333333334, -79.39848, 20.9, 72.6, 4.9, 1006.4, 0.9
'2017-06-14 172547.63', 43.660225, -79.39848, 20.9, 79.6, 4.7, 1006.4, 0.9
'2017-06-14 172548.63', 43.660225, -79.39848, 20.9, 67.6, 4.6, 1006.4, 0.9
'2017-06-14 172549.63', 43.66022666666667, -79.39848, 20.9, 73.6, 4.0, 1006.4, 0.9
'2017-06-14 172550.63', 43.660228333333336, -79.39848, 20.9, 75.0, 4.0, 1006.4, 0.9
'2017-06-14 172551.63', 43.660228333333336, -79.39847833333333, 20.9, 80.8, 4.4, 1006.5, 0.9
'2017-06-14 172552.63', 43.66023, -79.39847833333333, 20.9, 94.2, 5.2, 1006.4, 0.9
'2017-06-14 172553.63', 43.66023, -79.39847833333333, 20.8, 87.7, 5.8, 1006.4, 0.9
'2017-06-14 172554.63', 43.66023, -79.39847833333333, 20.8, 79.0, 4.8, 1006.4, 0.9
'2017-06-14 172555.63', 43.66023166666667, -79.39847833333333, 20.8, 95.6, 4.7, 1006.4, 0.9
'2017-06-14 172556.63', 43.66023166666667, -79.39847833333333, 20.8, 103.3, 4.4, 1006.3, 0.9
'2017-06-14 172557.63', 43.66023166666667, -79.39847833333333, 20.8, 99.2, 4.2, 1006.4, 0.9
'2017-06-14 172558.63', 43.66023166666667, -79.39847833333333, 20.8, 110.0, 2.4, 1006.4, 0.9
'2017-06-14 172559.63', 43.66023166666667, -79.39847833333333, 20.8, 98.9, 2.4, 1006.3, 0.9
'2017-06-14 172600.63', 43.66023166666667, -79.39847833333333, 20.8, 68.0, 5.7, 1006.3, 0.9
'2017-06-14 172601.63', 43.66023166666667, -79.39847833333333, 20.8, 61.2, 6.3, 1006.4, 0.9
'2017-06-14 172602.63', 43.66023333333333, -79.39847833333333, 20.8, 69.6, 5.0, 1006.4, 0.9
'2017-06-14 172603.63', 43.66023333333333, -79.39847833333333, 20.8, 58.9, 4.1, 1006.4, 0.9
'2017-06-14 172604.63', 43.66023333333333, -79.39847833333333, 20.8, 80.4, 3.3, 1006.5, 0.9
'2017-06-14 172605.63', 43.66023333333333, -79.39847833333333, 20.8, 85.7, 4.1, 1006.4, 0.9
'2017-06-14 172606.63', 43.66023333333333, -79.39848, 20.8, 58.7, 2.5, 1006.4, 0.9
'2017-06-14 172607.63', 43.66023333333333, -79.39848, 20.8, 55.6, 2.4, 1006.4, 0.9
'2017-06-14 172608.63', 43.66023333333333, -79.39848, 20.8, 43.4, 2.7, 1006.5, 0.9
'2017-06-14 172609.63', 43.66023333333333, -79.39848166666667, 20.8, 38.5, 3.7, 1006.4, 0.9
'2017-06-14 172610.63', 43.66023333333333, -79.39848166666667, 20.8, 55.8, 4.7, 1006.4, 0.9
'2017-06-14 172611.63', 43.66023333333333, -79.39848166666667, 20.8, 73.9, 4.5, 1006.4, 0.9
'2017-06-14 172612.63', 43.66023333333333, -79.39848166666667, 20.8, 23.2, 2.4, 1006.4, 0.9
'2017-06-14 172613.63', 43.660235, -79.39848166666667, 20.8, 60.8, 4.6, 1006.4, 0.9
'2017-06-14 172614.63', 43.660235, -79.39848166666667, 20.8, 85.6, 5.6, 1006.4, 0.9
'2017-06-14 172615.63', 43.660235, -79.39848333333333, 20.8, 80.3, 4.5, 1006.4, 0.9
'2017-06-14 172616.63', 43.66023666666667, -79.39848333333333, 20.8, 87.9, 5.0, 1006.4, 1.0
'2017-06-14 172617.63', 43.66023666666667, -79.398485, 20.8, 89.1, 5.6, 1006.4, 1.0
'2017-06-14 172618.63', 43.66023666666667, -79.39848666666667, 20.8, 89.2, 2.4, 1006.4, 0.9
'2017-06-14 172619.63', 43.66023666666667, -79.39848666666667, 20.8, 101.3, 4.1, 1006.4, 0.9
'2017-06-14 172620.63', 43.66023666666667, -79.39848833333333, 20.8, 76.0, 5.8, 1006.4, 0.9
'2017-06-14 172621.63', 43.66023666666667, -79.39848833333333, 20.8, 78.1, 5.2, 1006.4, 0.9
'2017-06-14 172622.63', 43.66023666666667, -79.39849, 20.8, 91.0, 6.8, 1006.4, 0.9
'2017-06-14 172623.63', 43.66023666666667, -79.39849166666667, 20.8, 92.9, 7.9, 1006.4, 0.9
'2017-06-14 172624.63', 43.66023833333333, -79.39849166666667, 20.7, 93.6, 8.6, 1006.4, 0.9
'2017-06-14 172625.63', 43.66023833333333, -79.39849333333333, 20.7, 93.1, 8.1, 1006.4, 1.0
'2017-06-14 172626.63', 43.66023833333333, -79.398495, 20.6, 88.7, 8.6, 1006.4, 1.0
'2017-06-14 172627.63', 43.66023833333333, -79.398495, 20.6, 93.5, 4.9, 1006.5, 0.9
'2017-06-14 172628.63', 43.66024, -79.39849666666667, 20.6, 86.2, 7.6, 1006.4, 0.9
'2017-06-14 172629.63', 43.66024, -79.39849666666667, 20.6, 83.1, 6.6, 1006.3, 0.9
'2017-06-14 172630.63', 43.66024, -79.39849833333334, 20.6, 72.3, 5.0, 1006.3, 0.9
'2017-06-14 172631.63', 43.66024, -79.39849833333334, 20.7, 37.9, 2.1, 1006.4, 1.0
'2017-06-14 172632.63', 43.660241666666664, -79.39849833333334, 20.8, 17.4, 0.4, 1006.4, 1.0
'2017-06-14 172633.63', 43.660241666666664, -79.39849833333334, 20.8, 132.2, 1.1, 1006.4, 1.0
'2017-06-14 172634.63', 43.660243333333334, -79.3985, 20.8, 108.3, 2.7, 1006.3, 0.9
'2017-06-14 172635.63', 43.660243333333334, -79.3985, 20.8, 93.6, 4.2, 1006.3, 0.9
'2017-06-14 172636.63', 43.660243333333334, -79.39850166666666, 20.8, 82.9, 4.9, 1006.4, 0.9
'2017-06-14 172637.63', 43.660243333333334, -79.39850333333334, 20.8, 74.9, 6.1, 1006.4, 0.9
'2017-06-14 172638.63', 43.660245, -79.39850333333334, 20.8, 80.3, 3.7, 1006.3, 0.9
'2017-06-14 172639.63', 43.660245, -79.398505, 20.8, 84.4, 4.4, 1006.3, 0.9
'2017-06-14 172640.63', 43.660245, -79.39850666666666, 20.8, 65.3, 2.3, 1006.1999999999999, 0.9
'2017-06-14 172641.63', 43.660245, -79.39850666666666, 20.9, 74.5, 1.1, 1006.3, 0.9
'2017-06-14 172642.63', 43.660245, -79.39850833333334, 20.9, 46.4, 1.0, 1006.3, 0.9
'2017-06-14 172643.63', 43.660246666666666, -79.39850833333334, 20.9, 75.8, 2.6, 1006.4, 0.9
'2017-06-14 172644.63', 43.660246666666666, -79.39851, 20.9, 79.4, 4.4, 1006.3, 0.9
'2017-06-14 172645.63', 43.660248333333335, -79.39851, 20.9, 75.8, 3.4, 1006.3, 0.9
'2017-06-14 172646.63', 43.66025, -79.39851, 20.9, 73.0, 3.7, 1006.3, 0.9
'2017-06-14 172647.63', 43.66025, -79.39851, 20.9, 45.1, 2.6, 1006.4, 0.9
'2017-06-14 172648.63', 43.66025166666667, -79.39851166666666, 20.9, 45.9, 1.2, 1006.5, 0.9
'2017-06-14 172649.63', 43.66025166666667, -79.39851166666666, 20.9, 338.3, 1.0, 1006.3, 0.9
'2017-06-14 172650.63', 43.66025166666667, -79.39851333333333, 20.9, 340.7, 0.5, 1006.4, 0.9
'2017-06-14 172651.63', 43.66025166666667, -79.39851333333333, 21.0, 6.0, 0.7, 1006.3, 0.9
'2017-06-14 172652.63', 43.66025166666667, -79.39851333333333, 21.0, 63.9, 1.1, 1006.3, 0.9
'2017-06-14 172653.63', 43.66025166666667, -79.39851333333333, 21.0, 61.7, 1.4, 1006.4, 0.9
'2017-06-14 172654.63', 43.66025166666667, -79.39851333333333, 21.0, 71.0, 1.6, 1006.5, 0.9
'2017-06-14 172655.63', 43.66025, -79.398515, 21.0, 73.3, 1.8, 1006.4, 0.9
'2017-06-14 172656.63', 43.660248333333335, -79.398515, 21.0, 84.8, 1.2, 1006.4, 0.9
'2017-06-14 172657.63', 43.660248333333335, -79.39851666666667, 21.0, 72.3, 1.7, 1006.4, 0.9
'2017-06-14 172658.63', 43.660246666666666, -79.39851666666667, 21.0, 96.3, 1.6, 1006.3, 0.9
'2017-06-14 172659.63', 43.660246666666666, -79.39851833333333, 21.0, 53.6, 2.4, 1006.4, 0.9
'2017-06-14 172700.63', 43.660245, -79.39852, 21.0, 58.1, 2.7, 1006.4, 0.9
'2017-06-14 172701.63', 43.660245, -79.39852166666667, 21.0, 358.1, 2.1, 1006.4, 0.9
'2017-06-14 172702.63', 43.660243333333334, -79.39852166666667, 21.0, 15.9, 2.3, 1006.4, 0.9
'2017-06-14 172703.63', 43.660243333333334, -79.39852333333333, 21.0, 19.5, 2.4, 1006.4, 0.9
'2017-06-14 172704.63', 43.660243333333334, -79.39852333333333, 21.0, 24.4, 3.1, 1006.4, 0.9
'2017-06-14 172705.63', 43.660243333333334, -79.398525, 21.0, 15.0, 3.4, 1006.5, 0.9
'2017-06-14 172706.63', 43.660245, -79.398525, 21.0, 30.1, 4.1, 1006.4, 0.9
'2017-06-14 172707.63', 43.660245, -79.398525, 21.0, 25.9, 4.2, 1006.4, 0.9
'2017-06-14 172708.63', 43.660245, -79.398525, 21.0, 18.8, 3.4, 1006.4, 1.1
'2017-06-14 172709.63', 43.660245, -79.398525, 21.0, 25.5, 3.5, 1006.4, 1.1
'2017-06-14 172710.63', 43.660246666666666, -79.39852333333333, 21.0, 32.3, 5.5, 1006.4, 0.9
'2017-06-14 172711.63', 43.660246666666666, -79.39852333333333, 20.9, 28.8, 4.7, 1006.5, 0.9
'2017-06-14 172712.63', 43.660248333333335, -79.39852333333333, 20.9, 30.0, 4.6, 1006.5, 1.1
'2017-06-14 172713.63', 43.66025, -79.39852333333333, 20.9, 30.9, 5.2, 1006.5, 1.1
'2017-06-14 172714.63', 43.66025, -79.39852333333333, 20.9, 37.3, 4.2, 1006.5, 1.1
'2017-06-14 172715.63', 43.66025166666667, -79.39852166666667, 20.9, 22.3, 3.4, 1006.5, 1.1
'2017-06-14 172716.63', 43.66025166666667, -79.39852166666667, 20.9, 33.1, 4.0, 1006.5, 0.9
'2017-06-14 172717.63', 43.66025333333333, -79.39852166666667, 20.9, 36.9, 4.0, 1006.5, 0.9
'2017-06-14 172718.63', 43.66025333333333, -79.39852, 20.9, 45.2, 4.5, 1006.4, 0.9
'2017-06-14 172719.63', 43.660255, -79.39852, 20.9, 48.9, 4.2, 1006.5999999999999, 0.9
'2017-06-14 172720.63', 43.660255, -79.39851833333333, 20.9, 45.5, 5.2, 1006.5, 0.9
'2017-06-14 172721.63', 43.66025666666667, -79.39851833333333, 20.9, 47.8, 4.8, 1006.5, 0.9
'2017-06-14 172722.63', 43.66025666666667, -79.39851833333333, 20.8, 39.8, 7.7, 1006.5, 0.9
'2017-06-14 172723.63', 43.66025666666667, -79.39851666666667, 20.8, 37.6, 7.1, 1006.5, 0.9
'2017-06-14 172724.63', 43.66025666666667, -79.39851666666667, 20.8, 36.7, 6.1, 1006.4, 0.9
'2017-06-14 172725.63', 43.66025833333333, -79.398515, 20.8, 41.9, 6.9, 1006.5999999999999, 0.9
'2017-06-14 172726.63', 43.66025833333333, -79.39851333333333, 20.7, 50.1, 6.8, 1006.5, 0.9
'2017-06-14 172727.63', 43.66025833333333, -79.39851333333333, 20.7, 57.9, 7.2, 1006.5999999999999, 0.9
'2017-06-14 172728.63', 43.66026, -79.39851333333333, 20.7, 60.0, 6.5, 1006.5, 0.9
'2017-06-14 172729.63', 43.66025833333333, -79.39851166666666, 20.6, 68.0, 6.1, 1006.5, 0.9
'2017-06-14 172730.63', 43.66026, -79.39851166666666, 20.6, 65.4, 5.8, 1006.5, 0.9
'2017-06-14 172731.63', 43.66026, -79.39851166666666, 20.6, 57.8, 5.1, 1006.5, 0.9
'2017-06-14 172732.63', 43.66026, -79.39851, 20.6, 75.3, 5.4, 1006.4, 0.9
'2017-06-14 172733.63', 43.66026, -79.39851, 20.6, 61.3, 6.8, 1006.5, 1.0
'2017-06-14 172734.63', 43.66026, -79.39851, 20.6, 60.4, 6.9, 1006.5999999999999, 1.0
'2017-06-14 172735.63', 43.66026, -79.39850833333334, 20.6, 67.9, 7.0, 1006.5, 1.0
'2017-06-14 172736.63', 43.66026, -79.39850833333334, 20.6, 62.2, 9.0, 1006.5, 1.0
'2017-06-14 172737.63', 43.66026, -79.39850666666666, 20.6, 55.6, 8.4, 1006.5, 1.0
'2017-06-14 172738.63', 43.66026, -79.39850666666666, 20.6, 54.7, 8.3, 1006.5, 0.9
'2017-06-14 172739.63', 43.66026, -79.39850666666666, 20.6, 57.4, 8.1, 1006.5, 0.9
'2017-06-14 172740.63', 43.66026, -79.398505, 20.6, 50.7, 7.6, 1006.5, 0.9
'2017-06-14 172741.63', 43.66026, -79.39850333333334, 20.5, 53.0, 7.2, 1006.5, 0.9
'2017-06-14 172742.63', 43.66026, -79.39850333333334, 20.5, 44.3, 6.2, 1006.5, 0.9
'2017-06-14 172743.63', 43.66026, -79.39850333333334, 20.5, 23.9, 6.3, 1006.5, 1.1
'2017-06-14 172744.63', 43.66026, -79.39850166666666, 20.5, 33.0, 6.6, 1006.5, 1.1
'2017-06-14 172745.63', 43.66026, -79.39850166666666, 20.5, 37.1, 6.0, 1006.5999999999999, 1.1
'2017-06-14 172746.63', 43.66026, -79.39850166666666, 20.5, 31.2, 4.8, 1006.5999999999999, 1.1
'2017-06-14 172747.63', 43.66026, -79.39850166666666, 20.6, 44.5, 4.0, 1006.4, 1.1
'2017-06-14 172748.63', 43.66026, -79.39850166666666, 20.6, 53.2, 6.2, 1006.4, 1.1
'2017-06-14 172749.63', 43.66025833333333, -79.39850166666666, 20.6, 40.6, 6.4, 1006.5, 0.9
'2017-06-14 172750.63', 43.66025833333333, -79.39850166666666, 20.6, 48.4, 6.3, 1006.4, 0.9
'2017-06-14 172751.63', 43.66025833333333, -79.39850166666666, 20.6, 48.4, 5.7, 1006.5, 0.9
'2017-06-14 172752.63', 43.66025666666667, -79.39850166666666, 20.6, 63.7, 6.0, 1006.5, 0.9
'2017-06-14 172753.63', 43.66025666666667, -79.39850166666666, 20.6, 58.4, 4.9, 1006.5, 0.9
'2017-06-14 172754.63', 43.66025666666667, -79.39850166666666, 20.6, 56.7, 4.6, 1006.5, 0.9
