lgr_time, comp_time, ch4, ch4se, h2o, h2ose, co2, co2se, co, cose, ch4d, ch4dse, co2d, co2dse, cod, codse, gasp, gaspse, t, tse, amb, ambse, rd1, rd1se, rd2, rd2se
06/16/2017 19:50:55.188, 1.899105, 0.0, 18165.13, 0.0, 419.8454, 0.0, 1.575735, 0.0, 1.934241, 0.0, 427.613, 0.0, 1.604888, 0.0, 140.53, 0.0, 26.9683, 0.0, 31.92322, 0.0, 7.212873, 0.0, 7.641898, 0.0
06/16/2017 19:50:56.185, 1.89979, 0.0, 18162.0, 0.0, 420.0992, 0.0, 1.419307, 0.0, 1.934932, 0.0, 427.8702, 0.0, 1.445561, 0.0, 140.4915, 0.0, 26.97212, 0.0, 31.9271, 0.0, 7.213355, 0.0, 7.640674, 0.0
06/16/2017 19:50:57.180, 1.899884, 0.0, 18228.91, 0.0, 419.8207, 0.0, 1.574328, 0.0, 1.93516, 0.0, 427.6156, 0.0, 1.603559, 0.0, 140.5384, 0.0, 26.9756, 0.0, 31.93008, 0.0, 7.214465, 0.0, 7.647825, 0.0
06/16/2017 19:50:58.175, 1.897067, 0.0, 18197.12, 0.0, 420.2427, 0.0, 1.406437, 0.0, 1.932228, 0.0, 428.0316, 0.0, 1.432505, 0.0, 140.5264, 0.0, 26.97933, 0.0, 31.93654, 0.0, 7.218535, 0.0, 7.651867, 0.0
06/16/2017 19:50:59.171, 1.897353, 0.0, 18174.12, 0.0, 420.326, 0.0, 1.634831, 0.0, 1.932474, 0.0, 428.1065, 0.0, 1.665092, 0.0, 140.5101, 0.0, 26.98282, 0.0, 31.93943, 0.0, 7.220794, 0.0, 7.647878, 0.0
06/16/2017 19:51:00.166, 1.899057, 0.0, 18108.52, 0.0, 419.5655, 0.0, 1.442233, 0.0, 1.93408, 0.0, 427.3034, 0.0, 1.468832, 0.0, 140.4929, 0.0, 26.98646, 0.0, 31.94407, 0.0, 7.21402, 0.0, 7.650097, 0.0
06/16/2017 19:51:01.162, 1.900326, 0.0, 18085.81, 0.0, 419.7696, 0.0, 1.488244, 0.0, 1.935328, 0.0, 427.5013, 0.0, 1.515656, 0.0, 140.5393, 0.0, 26.98993, 0.0, 31.95098, 0.0, 7.211187, 0.0, 7.649903, 0.0
06/16/2017 19:51:02.157, 1.899099, 0.0, 18102.22, 0.0, 420.3419, 0.0, 1.927929, 0.0, 1.934111, 0.0, 428.0913, 0.0, 1.963472, 0.0, 140.5154, 0.0, 26.99371, 0.0, 31.95914, 0.0, 7.217352, 0.0, 7.646314, 0.0
06/16/2017 19:51:03.152, 1.898545, 0.0, 18062.24, 0.0, 419.6257, 0.0, 1.184202, 0.0, 1.933467, 0.0, 427.3445, 0.0, 1.205984, 0.0, 140.4871, 0.0, 26.99697, 0.0, 31.96387, 0.0, 7.21996, 0.0, 7.648696, 0.0
06/16/2017 19:51:04.147, 1.901632, 0.0, 18198.46, 0.0, 420.4472, 0.0, 1.745007, 0.0, 1.936881, 0.0, 428.2405, 0.0, 1.777352, 0.0, 140.5415, 0.0, 27.00088, 0.0, 31.96495, 0.0, 7.217045, 0.0, 7.64388, 0.0
06/16/2017 19:51:05.143, 1.904545, 0.0, 18192.62, 0.0, 420.6803, 0.0, 1.799628, 0.0, 1.939836, 0.0, 428.4754, 0.0, 1.832975, 0.0, 140.5201, 0.0, 27.00404, 0.0, 31.97281, 0.0, 7.211767, 0.0, 7.645004, 0.0
06/16/2017 19:51:06.138, 1.90555, 0.0, 18207.54, 0.0, 421.6777, 0.0, 2.153228, 0.0, 1.940889, 0.0, 429.4978, 0.0, 2.19316, 0.0, 140.5266, 0.0, 27.00774, 0.0, 31.97848, 0.0, 7.212463, 0.0, 7.647845, 0.0
06/16/2017 19:51:07.133, 1.907994, 0.0, 18257.04, 0.0, 421.1021, 0.0, 1.801625, 0.0, 1.943476, 0.0, 428.9331, 0.0, 1.835129, 0.0, 140.5053, 0.0, 27.01136, 0.0, 31.98239, 0.0, 7.217559, 0.0, 7.646411, 0.0
06/16/2017 19:51:08.129, 1.907896, 0.0, 18211.14, 0.0, 421.3196, 0.0, 1.733823, 0.0, 1.943285, 0.0, 429.1346, 0.0, 1.765984, 0.0, 140.5364, 0.0, 27.01478, 0.0, 31.98664, 0.0, 7.217099, 0.0, 7.65006, 0.0
06/16/2017 19:51:09.124, 1.909745, 0.0, 18289.32, 0.0, 421.446, 0.0, 1.754312, 0.0, 1.945324, 0.0, 429.2975, 0.0, 1.786995, 0.0, 140.498, 0.0, 27.01884, 0.0, 31.99069, 0.0, 7.214631, 0.0, 7.646977, 0.0
06/16/2017 19:51:10.119, 1.909103, 0.0, 18213.99, 0.0, 422.7039, 0.0, 1.757511, 0.0, 1.944521, 0.0, 430.5458, 0.0, 1.790117, 0.0, 140.5276, 0.0, 27.02204, 0.0, 31.99402, 0.0, 7.222032, 0.0, 7.629126, 0.0
06/16/2017 19:51:11.115, 1.910973, 0.0, 18248.49, 0.0, 421.8738, 0.0, 1.77088, 0.0, 1.946494, 0.0, 429.7154, 0.0, 1.803797, 0.0, 140.5423, 0.0, 27.02578, 0.0, 31.99507, 0.0, 7.219161, 0.0, 7.653134, 0.0
06/16/2017 19:51:12.110, 1.909452, 0.0, 18295.25, 0.0, 421.4612, 0.0, 1.913445, 0.0, 1.945037, 0.0, 429.3156, 0.0, 1.949105, 0.0, 140.5147, 0.0, 27.029, 0.0, 31.99864, 0.0, 7.218665, 0.0, 7.648989, 0.0
06/16/2017 19:51:13.105, 1.907827, 0.0, 18372.4, 0.0, 421.8665, 0.0, 1.639332, 0.0, 1.943534, 0.0, 429.7622, 0.0, 1.670015, 0.0, 140.4829, 0.0, 27.03299, 0.0, 32.00928, 0.0, 7.222433, 0.0, 7.646027, 0.0
06/16/2017 19:51:14.100, 1.911548, 0.0, 18284.7, 0.0, 422.2283, 0.0, 2.389701, 0.0, 1.947151, 0.0, 430.0924, 0.0, 2.43421, 0.0, 140.5165, 0.0, 27.03616, 0.0, 32.00897, 0.0, 7.213691, 0.0, 7.638313, 0.0
06/16/2017 19:51:15.094, 1.909438, 0.0, 18377.92, 0.0, 421.4718, 0.0, 1.742075, 0.0, 1.945187, 0.0, 429.3626, 0.0, 1.77469, 0.0, 140.5329, 0.0, 27.03977, 0.0, 32.01195, 0.0, 7.22003, 0.0, 7.647329, 0.0
06/16/2017 19:51:16.091, 1.908045, 0.0, 18386.03, 0.0, 421.2145, 0.0, 1.62138, 0.0, 1.943783, 0.0, 429.104, 0.0, 1.651749, 0.0, 140.4924, 0.0, 27.04327, 0.0, 32.02086, 0.0, 7.216601, 0.0, 7.651863, 0.0
06/16/2017 19:51:17.086, 1.910186, 0.0, 18377.76, 0.0, 421.9578, 0.0, 1.707315, 0.0, 1.945948, 0.0, 429.8576, 0.0, 1.739279, 0.0, 140.5219, 0.0, 27.04707, 0.0, 32.02813, 0.0, 7.218706, 0.0, 7.648895, 0.0
06/16/2017 19:51:18.082, 1.91028, 0.0, 18385.73, 0.0, 421.4094, 0.0, 1.565945, 0.0, 1.946059, 0.0, 429.3024, 0.0, 1.595275, 0.0, 140.5421, 0.0, 27.05029, 0.0, 32.03059, 0.0, 7.221535, 0.0, 7.649895, 0.0
06/16/2017 19:51:19.078, 1.912436, 0.0, 18346.16, 0.0, 421.9372, 0.0, 2.046762, 0.0, 1.948177, 0.0, 429.8228, 0.0, 2.085014, 0.0, 140.511, 0.0, 27.05413, 0.0, 32.0387, 0.0, 7.219138, 0.0, 7.650873, 0.0
06/16/2017 19:51:20.073, 1.912075, 0.0, 18458.49, 0.0, 422.0822, 0.0, 1.535469, 0.0, 1.948033, 0.0, 430.0197, 0.0, 1.564344, 0.0, 140.4844, 0.0, 27.05751, 0.0, 32.04707, 0.0, 7.219098, 0.0, 7.653265, 0.0
06/16/2017 19:51:21.068, 1.910764, 0.0, 18346.24, 0.0, 422.4283, 0.0, 1.634353, 0.0, 1.946475, 0.0, 430.3231, 0.0, 1.664897, 0.0, 140.5014, 0.0, 27.06093, 0.0, 32.0515, 0.0, 7.225651, 0.0, 7.656993, 0.0
06/16/2017 19:51:22.063, 1.911598, 0.0, 18393.25, 0.0, 422.0876, 0.0, 1.795545, 0.0, 1.947418, 0.0, 429.9966, 0.0, 1.82919, 0.0, 140.528, 0.0, 27.06422, 0.0, 32.05416, 0.0, 7.225633, 0.0, 7.652425, 0.0
06/16/2017 19:51:23.059, 1.914032, 0.0, 18406.56, 0.0, 422.0477, 0.0, 1.559915, 0.0, 1.949923, 0.0, 429.9618, 0.0, 1.589166, 0.0, 140.4897, 0.0, 27.06805, 0.0, 32.06018, 0.0, 7.219693, 0.0, 7.646847, 0.0
06/16/2017 19:51:24.054, 1.914547, 0.0, 18454.87, 0.0, 423.1967, 0.0, 1.599395, 0.0, 1.950544, 0.0, 431.1536, 0.0, 1.629466, 0.0, 140.5369, 0.0, 27.07142, 0.0, 32.0621, 0.0, 7.220285, 0.0, 7.642883, 0.0
06/16/2017 19:51:25.049, 1.916542, 0.0, 18416.01, 0.0, 422.7831, 0.0, 1.615904, 0.0, 1.952499, 0.0, 430.7152, 0.0, 1.646221, 0.0, 140.5062, 0.0, 27.07511, 0.0, 32.06343, 0.0, 7.221666, 0.0, 7.649799, 0.0
06/16/2017 19:51:26.045, 1.916637, 0.0, 18411.67, 0.0, 422.3998, 0.0, 1.659883, 0.0, 1.952587, 0.0, 430.3228, 0.0, 1.691017, 0.0, 140.5097, 0.0, 27.0785, 0.0, 32.06396, 0.0, 7.217566, 0.0, 7.653629, 0.0
06/16/2017 19:51:27.041, 1.919831, 0.0, 18434.7, 0.0, 423.7237, 0.0, 1.580236, 0.0, 1.955887, 0.0, 431.6816, 0.0, 1.609915, 0.0, 140.4911, 0.0, 27.08218, 0.0, 32.06892, 0.0, 7.217968, 0.0, 7.644332, 0.0
06/16/2017 19:51:28.042, 1.915779, 0.0, 18433.26, 0.0, 423.0676, 0.0, 1.62236, 0.0, 1.951756, 0.0, 431.0125, 0.0, 1.652827, 0.0, 140.5383, 0.0, 27.08588, 0.0, 32.06882, 0.0, 7.234075, 0.0, 7.647989, 0.0
06/16/2017 19:51:29.037, 1.920284, 0.0, 18367.4, 0.0, 422.7163, 0.0, 1.53227, 0.0, 1.956215, 0.0, 430.6258, 0.0, 1.560941, 0.0, 140.5147, 0.0, 27.08933, 0.0, 32.07307, 0.0, 7.222745, 0.0, 7.652244, 0.0
06/16/2017 19:51:30.032, 1.919841, 0.0, 18450.96, 0.0, 423.0542, 0.0, 1.879396, 0.0, 1.95593, 0.0, 431.0067, 0.0, 1.914724, 0.0, 140.4866, 0.0, 27.09299, 0.0, 32.08026, 0.0, 7.220967, 0.0, 7.655887, 0.0
06/16/2017 19:51:31.028, 1.919794, 0.0, 18456.66, 0.0, 423.0866, 0.0, 1.675384, 0.0, 1.955893, 0.0, 431.0422, 0.0, 1.706887, 0.0, 140.5395, 0.0, 27.09652, 0.0, 32.07851, 0.0, 7.22643, 0.0, 7.655754, 0.0
06/16/2017 19:51:32.023, 1.917746, 0.0, 18461.92, 0.0, 423.2171, 0.0, 1.895258, 0.0, 1.953817, 0.0, 431.1774, 0.0, 1.930906, 0.0, 140.5195, 0.0, 27.10007, 0.0, 32.0837, 0.0, 7.227208, 0.0, 7.653757, 0.0
06/16/2017 19:51:33.018, 1.914624, 0.0, 18465.97, 0.0, 423.3487, 0.0, 1.665893, 0.0, 1.950644, 0.0, 431.3133, 0.0, 1.697234, 0.0, 140.5256, 0.0, 27.10383, 0.0, 32.09013, 0.0, 7.234023, 0.0, 7.645691, 0.0
06/16/2017 19:51:34.012, 1.919374, 0.0, 18497.58, 0.0, 422.9589, 0.0, 1.6811, 0.0, 1.955547, 0.0, 430.9301, 0.0, 1.712782, 0.0, 140.5023, 0.0, 27.10726, 0.0, 32.09594, 0.0, 7.225584, 0.0, 7.652265, 0.0
06/16/2017 19:51:35.009, 1.919013, 0.0, 18447.33, 0.0, 423.353, 0.0, 1.877417, 0.0, 1.955079, 0.0, 431.3095, 0.0, 1.912702, 0.0, 140.5357, 0.0, 27.11073, 0.0, 32.09948, 0.0, 7.224887, 0.0, 7.650475, 0.0
06/16/2017 19:51:36.005, 1.919651, 0.0, 18431.32, 0.0, 423.7253, 0.0, 1.798009, 0.0, 1.955697, 0.0, 431.6818, 0.0, 1.831771, 0.0, 140.4974, 0.0, 27.11423, 0.0, 32.1054, 0.0, 7.225234, 0.0, 7.648701, 0.0
06/16/2017 19:51:37.000, 1.920946, 0.0, 18437.39, 0.0, 423.5245, 0.0, 1.42672, 0.0, 1.957029, 0.0, 431.4799, 0.0, 1.453519, 0.0, 140.5278, 0.0, 27.11798, 0.0, 32.11171, 0.0, 7.220754, 0.0, 7.647896, 0.0
06/16/2017 19:51:37.995, 1.918872, 0.0, 18497.79, 0.0, 423.8594, 0.0, 1.813805, 0.0, 1.955036, 0.0, 431.8476, 0.0, 1.847989, 0.0, 140.542, 0.0, 27.12145, 0.0, 32.11681, 0.0, 7.229073, 0.0, 7.645847, 0.0
06/16/2017 19:51:38.991, 1.920881, 0.0, 18501.46, 0.0, 423.8042, 0.0, 1.65736, 0.0, 1.95709, 0.0, 431.793, 0.0, 1.688602, 0.0, 140.5174, 0.0, 27.12482, 0.0, 32.12502, 0.0, 7.22353, 0.0, 7.651812, 0.0
06/16/2017 19:51:39.992, 1.922736, 0.0, 18459.82, 0.0, 423.465, 0.0, 1.581147, 0.0, 1.958897, 0.0, 431.4291, 0.0, 1.610883, 0.0, 140.4817, 0.0, 27.12868, 0.0, 32.1361, 0.0, 7.223214, 0.0, 7.649681, 0.0
06/16/2017 19:51:40.987, 1.919959, 0.0, 18514.71, 0.0, 423.805, 0.0, 1.53848, 0.0, 1.956177, 0.0, 431.7996, 0.0, 1.567501, 0.0, 140.5032, 0.0, 27.13194, 0.0, 32.13496, 0.0, 7.229192, 0.0, 7.649327, 0.0
06/16/2017 19:51:41.982, 1.923012, 0.0, 18495.25, 0.0, 423.3145, 0.0, 1.581061, 0.0, 1.959248, 0.0, 431.2914, 0.0, 1.610854, 0.0, 140.5332, 0.0, 27.13566, 0.0, 32.13671, 0.0, 7.226456, 0.0, 7.654546, 0.0
06/16/2017 19:51:42.978, 1.920464, 0.0, 18486.39, 0.0, 423.1405, 0.0, 1.578409, 0.0, 1.956635, 0.0, 431.1101, 0.0, 1.608137, 0.0, 140.4955, 0.0, 27.13914, 0.0, 32.14193, 0.0, 7.231802, 0.0, 7.654463, 0.0
06/16/2017 19:51:43.973, 1.923239, 0.0, 18502.43, 0.0, 423.2241, 0.0, 1.596487, 0.0, 1.959495, 0.0, 431.2024, 0.0, 1.626583, 0.0, 140.5261, 0.0, 27.14267, 0.0, 32.14273, 0.0, 7.227402, 0.0, 7.657789, 0.0
06/16/2017 19:51:44.968, 1.922498, 0.0, 18484.5, 0.0, 423.8114, 0.0, 1.507673, 0.0, 1.958703, 0.0, 431.7929, 0.0, 1.536066, 0.0, 140.5033, 0.0, 27.14585, 0.0, 32.14995, 0.0, 7.223493, 0.0, 7.65002, 0.0
06/16/2017 19:51:45.964, 1.92248, 0.0, 18489.15, 0.0, 423.7985, 0.0, 1.659245, 0.0, 1.958695, 0.0, 431.7817, 0.0, 1.690501, 0.0, 140.5137, 0.0, 27.14988, 0.0, 32.14881, 0.0, 7.230748, 0.0, 7.654571, 0.0
06/16/2017 19:51:46.959, 1.924474, 0.0, 18514.02, 0.0, 424.3127, 0.0, 1.803339, 0.0, 1.960776, 0.0, 432.3166, 0.0, 1.837356, 0.0, 140.483, 0.0, 27.15335, 0.0, 32.15609, 0.0, 7.228465, 0.0, 7.652567, 0.0
06/16/2017 19:51:47.954, 1.92364, 0.0, 18593.75, 0.0, 424.1173, 0.0, 1.796175, 0.0, 1.960085, 0.0, 432.1527, 0.0, 1.830205, 0.0, 140.5404, 0.0, 27.15672, 0.0, 32.1575, 0.0, 7.227737, 0.0, 7.64793, 0.0
06/16/2017 19:51:48.949, 1.925394, 0.0, 18563.79, 0.0, 424.0275, 0.0, 1.66239, 0.0, 1.961813, 0.0, 432.048, 0.0, 1.693834, 0.0, 140.5112, 0.0, 27.16013, 0.0, 32.16141, 0.0, 7.223894, 0.0, 7.647851, 0.0
06/16/2017 19:51:49.945, 1.926462, 0.0, 18497.31, 0.0, 424.0781, 0.0, 1.888811, 0.0, 1.962768, 0.0, 432.0702, 0.0, 1.924407, 0.0, 140.4897, 0.0, 27.16395, 0.0, 32.16534, 0.0, 7.225102, 0.0, 7.647826, 0.0
06/16/2017 19:51:50.941, 1.92554, 0.0, 18541.81, 0.0, 424.5707, 0.0, 1.527476, 0.0, 1.961917, 0.0, 432.5918, 0.0, 1.556333, 0.0, 140.5336, 0.0, 27.1675, 0.0, 32.17116, 0.0, 7.225482, 0.0, 7.653195, 0.0
06/16/2017 19:51:51.936, 1.923628, 0.0, 18549.91, 0.0, 424.2476, 0.0, 1.572105, 0.0, 1.959986, 0.0, 432.2661, 0.0, 1.601818, 0.0, 140.5246, 0.0, 27.17101, 0.0, 32.18561, 0.0, 7.235707, 0.0, 7.65266, 0.0
06/16/2017 19:51:52.931, 1.923741, 0.0, 18594.21, 0.0, 423.6909, 0.0, 1.557948, 0.0, 1.960189, 0.0, 431.7184, 0.0, 1.587465, 0.0, 140.5088, 0.0, 27.17455, 0.0, 32.19764, 0.0, 7.235055, 0.0, 7.655358, 0.0
06/16/2017 19:51:53.927, 1.926543, 0.0, 18561.34, 0.0, 424.2952, 0.0, 1.574398, 0.0, 1.962978, 0.0, 432.3196, 0.0, 1.604174, 0.0, 140.4874, 0.0, 27.17826, 0.0, 32.20761, 0.0, 7.227257, 0.0, 7.649113, 0.0
06/16/2017 19:51:54.922, 1.92419, 0.0, 18641.04, 0.0, 424.3961, 0.0, 1.465138, 0.0, 1.96074, 0.0, 432.4576, 0.0, 1.492969, 0.0, 140.539, 0.0, 27.18155, 0.0, 32.21098, 0.0, 7.238027, 0.0, 7.651935, 0.0
06/16/2017 19:51:55.918, 1.925555, 0.0, 18600.96, 0.0, 424.0419, 0.0, 1.431687, 0.0, 1.962051, 0.0, 432.0789, 0.0, 1.458822, 0.0, 140.5029, 0.0, 27.18509, 0.0, 32.21175, 0.0, 7.227368, 0.0, 7.657741, 0.0
06/16/2017 19:51:56.919, 1.923092, 0.0, 18521.12, 0.0, 424.5796, 0.0, 1.613022, 0.0, 1.959382, 0.0, 432.5917, 0.0, 1.64346, 0.0, 140.4859, 0.0, 27.18837, 0.0, 32.22424, 0.0, 7.236902, 0.0, 7.655766, 0.0
06/16/2017 19:51:57.914, 1.922168, 0.0, 18594.67, 0.0, 424.6711, 0.0, 1.557245, 0.0, 1.958588, 0.0, 432.7174, 0.0, 1.58675, 0.0, 140.5379, 0.0, 27.19186, 0.0, 32.23205, 0.0, 7.234824, 0.0, 7.65279, 0.0
06/16/2017 19:51:58.909, 1.923069, 0.0, 18577.42, 0.0, 424.541, 0.0, 1.499268, 0.0, 1.959471, 0.0, 432.5771, 0.0, 1.527648, 0.0, 140.5213, 0.0, 27.19536, 0.0, 32.24042, 0.0, 7.231404, 0.0, 7.653264, 0.0
06/16/2017 19:51:59.904, 1.924304, 0.0, 18608.97, 0.0, 424.5925, 0.0, 1.854341, 0.0, 1.960792, 0.0, 432.6435, 0.0, 1.889503, 0.0, 140.4832, 0.0, 27.19888, 0.0, 32.24953, 0.0, 7.233203, 0.0, 7.647486, 0.0
06/16/2017 19:52:00.898, 1.925408, 0.0, 18634.52, 0.0, 424.3568, 0.0, 1.396132, 0.0, 1.961968, 0.0, 432.4146, 0.0, 1.422643, 0.0, 140.4971, 0.0, 27.20207, 0.0, 32.2496, 0.0, 7.234761, 0.0, 7.653296, 0.0
06/16/2017 19:52:01.893, 1.922304, 0.0, 18624.19, 0.0, 424.6005, 0.0, 1.743496, 0.0, 1.958785, 0.0, 432.6584, 0.0, 1.776584, 0.0, 140.5363, 0.0, 27.20554, 0.0, 32.25404, 0.0, 7.234514, 0.0, 7.643439, 0.0
06/16/2017 19:52:02.889, 1.923464, 0.0, 18607.46, 0.0, 424.3725, 0.0, 1.776365, 0.0, 1.959933, 0.0, 432.4187, 0.0, 1.810046, 0.0, 140.5006, 0.0, 27.20934, 0.0, 32.26337, 0.0, 7.2366, 0.0, 7.647961, 0.0
06/16/2017 19:52:03.884, 1.923229, 0.0, 18595.69, 0.0, 424.5324, 0.0, 1.521824, 0.0, 1.95967, 0.0, 432.5764, 0.0, 1.550659, 0.0, 140.5288, 0.0, 27.21247, 0.0, 32.26783, 0.0, 7.234164, 0.0, 7.644924, 0.0
06/16/2017 19:52:04.879, 1.923366, 0.0, 18579.49, 0.0, 424.7251, 0.0, 1.664445, 0.0, 1.959777, 0.0, 432.7656, 0.0, 1.695955, 0.0, 140.5403, 0.0, 27.216, 0.0, 32.27273, 0.0, 7.238668, 0.0, 7.654943, 0.0
06/16/2017 19:52:05.875, 1.924785, 0.0, 18586.86, 0.0, 424.2804, 0.0, 1.667778, 0.0, 1.961238, 0.0, 432.3158, 0.0, 1.699364, 0.0, 140.5173, 0.0, 27.21945, 0.0, 32.27566, 0.0, 7.235843, 0.0, 7.654175, 0.0
06/16/2017 19:52:06.870, 1.923273, 0.0, 18687.26, 0.0, 424.5473, 0.0, 1.810548, 0.0, 1.959898, 0.0, 432.6321, 0.0, 1.845026, 0.0, 140.481, 0.0, 27.22325, 0.0, 32.28914, 0.0, 7.238051, 0.0, 7.653802, 0.0
06/16/2017 19:52:07.865, 1.925492, 0.0, 18660.52, 0.0, 424.3254, 0.0, 1.625414, 0.0, 1.962106, 0.0, 432.3941, 0.0, 1.656322, 0.0, 140.503, 0.0, 27.22641, 0.0, 32.28896, 0.0, 7.230115, 0.0, 7.643812, 0.0
06/16/2017 19:52:08.862, 1.922827, 0.0, 18667.74, 0.0, 424.3726, 0.0, 1.432799, 0.0, 1.959405, 0.0, 432.4454, 0.0, 1.460054, 0.0, 140.533, 0.0, 27.23002, 0.0, 32.29461, 0.0, 7.229323, 0.0, 7.651947, 0.0
06/16/2017 19:52:09.858, 1.919895, 0.0, 18560.4, 0.0, 424.8068, 0.0, 1.767911, 0.0, 1.956203, 0.0, 432.8405, 0.0, 1.801345, 0.0, 140.4958, 0.0, 27.23334, 0.0, 32.30117, 0.0, 7.241679, 0.0, 7.653591, 0.0
lgr_time, comp_time, ch4, ch4se, h2o, h2ose, co2, co2se, co, cose, ch4d, ch4dse, co2d, co2dse, cod, codse, gasp, gaspse, t, tse, amb, ambse, rd1, rd1se, rd2, rd2se
06/16/2017 19:52:55.644, 1.91425, 0.0, 18602.46, 0.0, 429.0104, 0.0, 1.421343, 0.0, 1.950535, 0.0, 437.1423, 0.0, 1.448284, 0.0, 140.5387, 0.0, 27.38887, 0.0, 32.49555, 0.0, 7.237279, 0.0, 7.651051, 0.0
06/16/2017 19:52:56.639, 1.91102, 0.0, 18495.86, 0.0, 430.4116, 0.0, 1.918242, 0.0, 1.947032, 0.0, 438.5224, 0.0, 1.954391, 0.0, 140.5059, 0.0, 27.3924, 0.0, 32.49809, 0.0, 7.244233, 0.0, 7.659123, 0.0
06/16/2017 19:52:57.634, 1.913225, 0.0, 18558.61, 0.0, 430.251, 0.0, 1.378662, 0.0, 1.949403, 0.0, 438.3868, 0.0, 1.404732, 0.0, 140.4883, 0.0, 27.3956, 0.0, 32.50449, 0.0, 7.243722, 0.0, 7.657208, 0.0
06/16/2017 19:52:58.630, 1.910975, 0.0, 18577.12, 0.0, 431.0391, 0.0, 1.744509, 0.0, 1.947147, 0.0, 439.1982, 0.0, 1.77753, 0.0, 140.531, 0.0, 27.39874, 0.0, 32.50811, 0.0, 7.241077, 0.0, 7.651667, 0.0
06/16/2017 19:52:59.626, 1.907475, 0.0, 18411.33, 0.0, 429.8028, 0.0, 1.387831, 0.0, 1.943253, 0.0, 437.8645, 0.0, 1.413862, 0.0, 140.5228, 0.0, 27.40206, 0.0, 32.5134, 0.0, 7.257864, 0.0, 7.656304, 0.0
06/16/2017 19:53:00.617, 1.90648, 0.0, 18441.85, 0.0, 429.5749, 0.0, 1.643531, 0.0, 1.9423, 0.0, 437.6459, 0.0, 1.674411, 0.0, 140.5188, 0.0, 27.40528, 0.0, 32.51489, 0.0, 7.249136, 0.0, 7.648179, 0.0
06/16/2017 19:53:01.613, 1.909136, 0.0, 18431.54, 0.0, 427.7013, 0.0, 1.365249, 0.0, 1.944985, 0.0, 435.7325, 0.0, 1.390885, 0.0, 140.4869, 0.0, 27.4088, 0.0, 32.51904, 0.0, 7.248124, 0.0, 7.654189, 0.0
lgr_time, comp_time, ch4, ch4se, h2o, h2ose, co2, co2se, co, cose, ch4d, ch4dse, co2d, co2dse, cod, codse, gasp, gaspse, t, tse, amb, ambse, rd1, rd1se, rd2, rd2se
06/16/2017 19:55:12.004, 1.876245, 0.0, 17108.99, 0.0, 416.5296, 0.0, 1.124196, 0.0, 1.908904, 0.0, 423.7801, 0.0, 1.143765, 0.0, 140.5251, 0.0, 27.82837, 0.0, 33.10626, 0.0, 7.259785, 0.0, 7.661306, 0.0
06/16/2017 19:55:12.999, 1.878154, 0.0, 17149.19, 0.0, 416.0382, 0.0, 1.379262, 0.0, 1.910924, 0.0, 423.2974, 0.0, 1.403328, 0.0, 140.51, 0.0, 27.83161, 0.0, 33.10797, 0.0, 7.260443, 0.0, 7.668298, 0.0
06/16/2017 19:55:13.994, 1.878736, 0.0, 17272.67, 0.0, 416.999, 0.0, 1.509966, 0.0, 1.911757, 0.0, 424.3283, 0.0, 1.536505, 0.0, 140.4744, 0.0, 27.83487, 0.0, 33.11576, 0.0, 7.257562, 0.0, 7.656397, 0.0
06/16/2017 19:55:14.990, 1.877998, 0.0, 17150.27, 0.0, 416.9857, 0.0, 1.403918, 0.0, 1.910768, 0.0, 424.2619, 0.0, 1.428416, 0.0, 140.5337, 0.0, 27.83778, 0.0, 33.11081, 0.0, 7.262714, 0.0, 7.654044, 0.0
06/16/2017 19:55:15.985, 1.878195, 0.0, 17095.04, 0.0, 416.2679, 0.0, 1.071038, 0.0, 1.910861, 0.0, 423.5078, 0.0, 1.089666, 0.0, 140.5067, 0.0, 27.84109, 0.0, 33.1114, 0.0, 7.26238, 0.0, 7.669453, 0.0
06/16/2017 19:55:16.979, 1.883033, 0.0, 17174.38, 0.0, 417.2872, 0.0, 1.503586, 0.0, 1.915938, 0.0, 424.579, 0.0, 1.52986, 0.0, 140.5205, 0.0, 27.84413, 0.0, 33.11966, 0.0, 7.262584, 0.0, 7.662562, 0.0
06/16/2017 19:55:17.974, 1.885788, 0.0, 17153.33, 0.0, 417.6332, 0.0, 1.27435, 0.0, 1.9187, 0.0, 424.9221, 0.0, 1.296591, 0.0, 140.511, 0.0, 27.8473, 0.0, 33.12127, 0.0, 7.260562, 0.0, 7.665821, 0.0
06/16/2017 19:55:18.969, 1.889188, 0.0, 17123.14, 0.0, 418.1973, 0.0, 1.394862, 0.0, 1.9221, 0.0, 425.4829, 0.0, 1.419162, 0.0, 140.5243, 0.0, 27.85032, 0.0, 33.12623, 0.0, 7.266735, 0.0, 7.662288, 0.0
06/16/2017 19:55:19.965, 1.894897, 0.0, 17311.38, 0.0, 419.3882, 0.0, 1.196154, 0.0, 1.928278, 0.0, 426.7763, 0.0, 1.217226, 0.0, 140.4869, 0.0, 27.85355, 0.0, 33.13351, 0.0, 7.256119, 0.0, 7.656472, 0.0
06/16/2017 19:55:20.960, 1.89355, 0.0, 17327.17, 0.0, 419.5638, 0.0, 1.085876, 0.0, 1.926939, 0.0, 426.9619, 0.0, 1.105023, 0.0, 140.4754, 0.0, 27.85643, 0.0, 33.14356, 0.0, 7.26577, 0.0, 7.663207, 0.0
06/16/2017 19:55:21.955, 1.894813, 0.0, 17368.35, 0.0, 419.885, 0.0, 1.298375, 0.0, 1.928304, 0.0, 427.3066, 0.0, 1.321324, 0.0, 140.5337, 0.0, 27.85985, 0.0, 33.13796, 0.0, 7.265085, 0.0, 7.667955, 0.0
06/16/2017 19:55:22.951, 1.897126, 0.0, 17476.75, 0.0, 419.5842, 0.0, 1.383704, 0.0, 1.930872, 0.0, 427.0476, 0.0, 1.408317, 0.0, 140.5057, 0.0, 27.8624, 0.0, 33.13706, 0.0, 7.259533, 0.0, 7.659249, 0.0
06/16/2017 19:55:23.946, 1.897055, 0.0, 17342.41, 0.0, 420.5724, 0.0, 1.548586, 0.0, 1.930535, 0.0, 427.9949, 0.0, 1.575916, 0.0, 140.4769, 0.0, 27.86623, 0.0, 33.1475, 0.0, 7.26212, 0.0, 7.662559, 0.0
06/16/2017 19:55:24.941, 1.897614, 0.0, 17475.67, 0.0, 420.1019, 0.0, 1.04755, 0.0, 1.931366, 0.0, 427.574, 0.0, 1.066182, 0.0, 140.5117, 0.0, 27.86887, 0.0, 33.1512, 0.0, 7.263628, 0.0, 7.663325, 0.0
06/16/2017 19:55:25.937, 1.894008, 0.0, 17508.39, 0.0, 419.6835, 0.0, 1.167753, 0.0, 1.92776, 0.0, 427.1624, 0.0, 1.188562, 0.0, 140.5235, 0.0, 27.872, 0.0, 33.16085, 0.0, 7.266531, 0.0, 7.663206, 0.0
06/16/2017 19:55:26.932, 1.895405, 0.0, 17478.43, 0.0, 420.1035, 0.0, 1.127257, 0.0, 1.929123, 0.0, 427.5769, 0.0, 1.147311, 0.0, 140.4862, 0.0, 27.87497, 0.0, 33.16532, 0.0, 7.266317, 0.0, 7.667338, 0.0
06/16/2017 19:55:27.927, 1.899539, 0.0, 17599.38, 0.0, 420.7517, 0.0, 1.375857, 0.0, 1.933568, 0.0, 428.2893, 0.0, 1.400505, 0.0, 140.5149, 0.0, 27.87827, 0.0, 33.16971, 0.0, 7.261013, 0.0, 7.662902, 0.0
06/16/2017 19:55:28.923, 1.896984, 0.0, 17596.14, 0.0, 421.4607, 0.0, 1.543251, 0.0, 1.930961, 0.0, 429.0096, 0.0, 1.570893, 0.0, 140.5338, 0.0, 27.88105, 0.0, 33.17264, 0.0, 7.263383, 0.0, 7.663694, 0.0
06/16/2017 19:55:29.918, 1.898662, 0.0, 17593.63, 0.0, 421.4536, 0.0, 1.109249, 0.0, 1.932664, 0.0, 429.0013, 0.0, 1.129114, 0.0, 140.506, 0.0, 27.88427, 0.0, 33.17614, 0.0, 7.257441, 0.0, 7.661737, 0.0
06/16/2017 19:55:30.913, 1.897826, 0.0, 17627.95, 0.0, 421.9799, 0.0, 1.007384, 0.0, 1.931881, 0.0, 429.5521, 0.0, 1.025461, 0.0, 140.4763, 0.0, 27.88754, 0.0, 33.18525, 0.0, 7.261282, 0.0, 7.66384, 0.0
06/16/2017 19:55:31.909, 1.896795, 0.0, 17633.94, 0.0, 421.9983, 0.0, 1.415011, 0.0, 1.930844, 0.0, 429.5733, 0.0, 1.440411, 0.0, 140.4942, 0.0, 27.89033, 0.0, 33.18535, 0.0, 7.263446, 0.0, 7.664577, 0.0
06/16/2017 19:55:32.904, 1.898734, 0.0, 17622.02, 0.0, 422.2029, 0.0, 1.325025, 0.0, 1.932794, 0.0, 429.7764, 0.0, 1.348794, 0.0, 140.5224, 0.0, 27.89342, 0.0, 33.19226, 0.0, 7.257201, 0.0, 7.657324, 0.0
lgr_time, comp_time, ch4, ch4se, h2o, h2ose, co2, co2se, co, cose, ch4d, ch4dse, co2d, co2dse, cod, codse, gasp, gaspse, t, tse, amb, ambse, rd1, rd1se, rd2, rd2se
06/16/2017 19:58:23.107, 1.931156, 0.0, 18679.65, 0.0, 426.8088, 0.0, 1.024812, 0.0, 1.967916, 0.0, 434.9332, 0.0, 1.044319, 0.0, 140.5286, 0.0, 28.4162, 0.0, 33.85005, 0.0, 7.254962, 0.0, 7.668596, 0.0
06/16/2017 19:58:24.102, 1.92879, 0.0, 18654.6, 0.0, 427.1534, 0.0, 1.560767, 0.0, 1.965454, 0.0, 435.2733, 0.0, 1.590436, 0.0, 140.5089, 0.0, 28.41924, 0.0, 33.85369, 0.0, 7.254174, 0.0, 7.670941, 0.0
06/16/2017 19:58:25.098, 1.928767, 0.0, 18659.17, 0.0, 426.9097, 0.0, 1.185739, 0.0, 1.965441, 0.0, 435.027, 0.0, 1.208285, 0.0, 140.471, 0.0, 28.42223, 0.0, 33.86251, 0.0, 7.253896, 0.0, 7.667148, 0.0
06/16/2017 19:58:26.093, 1.927183, 0.0, 18659.11, 0.0, 425.832, 0.0, 0.9051431, 0.0, 1.963826, 0.0, 433.9287, 0.0, 0.9223534, 0.0, 140.4941, 0.0, 28.4252, 0.0, 33.86422, 0.0, 7.253767, 0.0, 7.670591, 0.0
06/16/2017 19:58:27.089, 1.925736, 0.0, 18762.41, 0.0, 426.6518, 0.0, 1.355106, 0.0, 1.962559, 0.0, 434.8099, 0.0, 1.381017, 0.0, 140.5246, 0.0, 28.42821, 0.0, 33.86767, 0.0, 7.254754, 0.0, 7.666589, 0.0
06/16/2017 19:58:28.084, 1.927686, 0.0, 18645.34, 0.0, 426.3484, 0.0, 1.169822, 0.0, 1.964311, 0.0, 434.4488, 0.0, 1.192048, 0.0, 140.489, 0.0, 28.43124, 0.0, 33.8717, 0.0, 7.255838, 0.0, 7.666296, 0.0
06/16/2017 19:58:29.079, 1.924212, 0.0, 18550.8, 0.0, 425.8549, 0.0, 1.28522, 0.0, 1.960582, 0.0, 433.9042, 0.0, 1.309513, 0.0, 140.503, 0.0, 28.43415, 0.0, 33.87656, 0.0, 7.259311, 0.0, 7.670191, 0.0
06/16/2017 19:58:30.075, 1.925007, 0.0, 18538.52, 0.0, 425.7738, 0.0, 1.109178, 0.0, 1.961368, 0.0, 433.8161, 0.0, 1.130129, 0.0, 140.5292, 0.0, 28.4371, 0.0, 33.88166, 0.0, 7.252733, 0.0, 7.675405, 0.0
06/16/2017 19:58:31.070, 1.924563, 0.0, 18619.32, 0.0, 425.0955, 0.0, 1.064348, 0.0, 1.961077, 0.0, 433.1607, 0.0, 1.084542, 0.0, 140.5077, 0.0, 28.44024, 0.0, 33.89363, 0.0, 7.256419, 0.0, 7.671689, 0.0
06/16/2017 19:58:32.066, 1.921665, 0.0, 18675.12, 0.0, 426.0256, 0.0, 1.517459, 0.0, 1.958236, 0.0, 434.1331, 0.0, 1.546337, 0.0, 140.4731, 0.0, 28.44324, 0.0, 33.90262, 0.0, 7.260751, 0.0, 7.667664, 0.0
06/16/2017 19:58:33.061, 1.924179, 0.0, 18579.74, 0.0, 426.6459, 0.0, 1.222197, 0.0, 1.960607, 0.0, 434.7229, 0.0, 1.245335, 0.0, 140.5308, 0.0, 28.44645, 0.0, 33.90223, 0.0, 7.252389, 0.0, 7.66417, 0.0
06/16/2017 19:58:34.056, 1.920673, 0.0, 18553.36, 0.0, 424.8206, 0.0, 1.2414, 0.0, 1.956982, 0.0, 432.8514, 0.0, 1.264867, 0.0, 140.5236, 0.0, 28.44911, 0.0, 33.90698, 0.0, 7.25456, 0.0, 7.675625, 0.0
06/16/2017 19:58:35.051, 1.920112, 0.0, 18534.24, 0.0, 424.8437, 0.0, 1.163033, 0.0, 1.956372, 0.0, 432.8665, 0.0, 1.184996, 0.0, 140.4907, 0.0, 28.45219, 0.0, 33.915, 0.0, 7.254972, 0.0, 7.675936, 0.0
06/16/2017 19:58:36.047, 1.924755, 0.0, 18594.27, 0.0, 425.0432, 0.0, 1.143972, 0.0, 1.961223, 0.0, 433.0963, 0.0, 1.165647, 0.0, 140.5028, 0.0, 28.45508, 0.0, 33.9222, 0.0, 7.255306, 0.0, 7.676384, 0.0
06/16/2017 19:58:37.042, 1.92316, 0.0, 18590.06, 0.0, 425.1088, 0.0, 1.299339, 0.0, 1.959588, 0.0, 433.1613, 0.0, 1.323951, 0.0, 140.4906, 0.0, 28.45826, 0.0, 33.92607, 0.0, 7.254929, 0.0, 7.667842, 0.0
06/16/2017 19:58:38.037, 1.922532, 0.0, 18546.75, 0.0, 425.2676, 0.0, 1.192581, 0.0, 1.958862, 0.0, 433.304, 0.0, 1.215117, 0.0, 140.5071, 0.0, 28.4611, 0.0, 33.92309, 0.0, 7.253049, 0.0, 7.668257, 0.0
06/16/2017 19:58:39.033, 1.921046, 0.0, 18499.1, 0.0, 425.9019, 0.0, 1.022465, 0.0, 1.957254, 0.0, 433.9292, 0.0, 1.041736, 0.0, 140.4718, 0.0, 28.46452, 0.0, 33.93241, 0.0, 7.256982, 0.0, 7.670501, 0.0
06/16/2017 19:58:40.028, 1.921762, 0.0, 18526.21, 0.0, 424.7491, 0.0, 1.468199, 0.0, 1.958037, 0.0, 432.7666, 0.0, 1.495912, 0.0, 140.5302, 0.0, 28.46723, 0.0, 33.92876, 0.0, 7.254367, 0.0, 7.674218, 0.0
06/16/2017 19:58:41.025, 1.922236, 0.0, 18467.37, 0.0, 424.8633, 0.0, 1.139249, 0.0, 1.958403, 0.0, 432.857, 0.0, 1.160683, 0.0, 140.497, 0.0, 28.47018, 0.0, 33.93148, 0.0, 7.253661, 0.0, 7.668243, 0.0
06/16/2017 19:58:42.020, 1.924408, 0.0, 18485.49, 0.0, 425.164, 0.0, 1.271882, 0.0, 1.960652, 0.0, 433.1714, 0.0, 1.295836, 0.0, 140.4883, 0.0, 28.47325, 0.0, 33.93028, 0.0, 7.254725, 0.0, 7.670765, 0.0
